CTI1   

DESCRIPTOR "Argyll Calibration Target chart information 1"
ORIGINATOR "Argyll targen"
CREATED "Sat Feb  7 18:27:20 2026"
APPROX_WHITE_POINT "95.053991 99.997087 108.929552"
COLOR_REP "iRGB"
TOTAL_INK_LIMIT "400.0"
ACCURATE_EXPECTED_VALUES "true"
WHITE_COLOR_PATCHES "6"
BLACK_COLOR_PATCHES "6"
COMP_GREY_STEPS "72"
IFP_PATCHES "514"

NUMBER_OF_FIELDS 7
BEGIN_DATA_FORMAT
SAMPLE_ID RGB_R RGB_G RGB_B XYZ_X XYZ_Y XYZ_Z 
END_DATA_FORMAT

NUMBER_OF_SETS 596
BEGIN_DATA
1 100.0000 100.0000 100.0000 95.05399 99.99709 108.9296 
2 100.0000 100.0000 100.0000 95.05399 99.99709 108.9296 
3 100.0000 100.0000 100.0000 95.05399 99.99709 108.9296 
4 100.0000 100.0000 100.0000 95.05399 99.99709 108.9296 
5 100.0000 100.0000 100.0000 95.05399 99.99709 108.9296 
6 100.0000 100.0000 100.0000 95.05399 99.99709 108.9296 
7 0.00000 0.00000 0.00000 0.00000 0.00000 0.00000 
8 0.00000 0.00000 0.00000 0.00000 0.00000 0.00000 
9 0.00000 0.00000 0.00000 0.00000 0.00000 0.00000 
10 0.00000 0.00000 0.00000 0.00000 0.00000 0.00000 
11 0.00000 0.00000 0.00000 0.00000 0.00000 0.00000 
12 0.00000 0.00000 0.00000 0.00000 0.00000 0.00000 
13 98.59155 98.59155 98.59155 92.03650 96.82268 105.4716 
14 97.18310 97.18310 97.18310 89.07623 93.70847 102.0792 
15 95.77465 95.77465 95.77465 86.17174 90.65293 98.75070 
16 94.36620 94.36620 94.36620 83.32354 87.65662 95.48674 
17 92.95775 92.95775 92.95775 80.53144 84.71932 92.28706 
18 91.54930 91.54930 91.54930 77.79446 81.84000 89.15055 
19 90.14085 90.14085 90.14085 75.11185 79.01790 86.07635 
20 88.73239 88.73239 88.73239 72.48463 76.25405 83.06562 
21 87.32394 87.32394 87.32394 69.91153 73.54714 80.11690 
22 85.91549 85.91549 85.91549 67.39274 70.89737 77.23043 
23 84.50704 84.50704 84.50704 64.92756 68.30399 74.40540 
24 83.09859 83.09859 83.09859 62.51537 65.76636 71.64109 
25 81.69014 81.69014 81.69014 60.15705 63.28540 68.93851 
26 80.28169 80.28169 80.28169 57.85146 60.85991 66.29636 
27 78.87324 78.87324 78.87324 55.59729 58.48851 63.71313 
28 77.46479 77.46479 77.46479 53.39665 56.17344 61.19126 
29 76.05634 76.05634 76.05634 51.24626 53.91122 58.72696 
30 74.64789 74.64789 74.64789 49.14806 51.70390 56.32247 
31 73.23944 73.23944 73.23944 47.10017 49.54952 53.97564 
32 71.83099 71.83099 71.83099 45.10397 47.44951 51.68805 
33 70.42254 70.42254 70.42254 43.15739 45.40170 49.45731 
34 69.01408 69.01408 69.01408 41.26080 43.40648 47.28387 
35 67.60563 67.60563 67.60563 39.41356 41.46319 45.16698 
36 66.19718 66.19718 66.19718 37.61513 39.57123 43.10602 
37 64.78873 64.78873 64.78873 35.86693 37.73212 41.10263 
38 63.38028 63.38028 63.38028 34.16551 35.94222 39.15284 
39 61.97183 61.97183 61.97183 32.51257 34.20333 37.25862 
40 60.56338 60.56338 60.56338 30.90842 32.51575 35.42029 
41 59.15493 59.15493 59.15493 29.34992 30.87620 33.63429 
42 57.74648 57.74648 57.74648 27.83920 29.28693 31.90305 
43 56.33803 56.33803 56.33803 26.37366 27.74517 30.22356 
44 54.92958 54.92958 54.92958 24.95507 26.25281 28.59790 
45 53.52113 53.52113 53.52113 23.58237 24.80873 27.02482 
46 52.11268 52.11268 52.11268 22.25410 23.41139 25.50266 
47 50.70423 50.70423 50.70423 20.97070 22.06124 24.03191 
48 49.29577 49.29577 49.29577 19.73189 20.75801 22.61226 
49 47.88732 47.88732 47.88732 18.53606 19.49999 21.24187 
50 46.47887 46.47887 46.47887 17.38390 18.28792 19.92153 
51 45.07042 45.07042 45.07042 16.27480 17.12113 18.65052 
52 43.66197 43.66197 43.66197 15.20791 15.99877 17.42789 
53 42.25352 42.25352 42.25352 14.18401 14.92162 16.25453 
54 40.84507 40.84507 40.84507 13.20019 13.88664 15.12709 
55 39.43662 39.43662 39.43662 12.25790 12.89535 14.04725 
56 38.02817 38.02817 38.02817 11.35569 11.94622 13.01334 
57 36.61972 36.61972 36.61972 10.49356 11.03926 12.02536 
58 35.21127 35.21127 35.21127 9.671514 10.17446 11.08332 
59 33.80282 33.80282 33.80282 8.887812 9.350005 10.18522 
60 32.39437 32.39437 32.39437 8.142433 8.565865 9.331030 
61 30.98592 30.98592 30.98592 7.434235 7.820838 8.519451 
62 29.57746 29.57746 29.57746 6.764667 7.116450 7.752143 
63 28.16901 28.16901 28.16901 6.130829 6.449650 7.025780 
64 26.76056 26.76056 26.76056 5.533823 5.821599 6.341626 
65 25.35211 25.35211 25.35211 4.970852 5.229351 5.696474 
66 23.94366 23.94366 23.94366 4.443610 4.674691 5.092268 
67 22.53521 22.53521 22.53521 3.950647 4.156093 4.527345 
68 21.12676 21.12676 21.12676 3.490697 3.672224 4.000253 
69 19.71831 19.71831 19.71831 3.063841 3.223170 3.511087 
70 18.30986 18.30986 18.30986 2.669630 2.808459 3.059331 
71 16.90141 16.90141 16.90141 2.305348 2.425233 2.641872 
72 15.49296 15.49296 15.49296 1.973158 2.075768 2.261191 
73 14.08451 14.08451 14.08451 1.669712 1.756542 1.913449 
74 12.67606 12.67606 12.67606 1.396459 1.469079 1.600307 
75 11.26761 11.26761 11.26761 1.150110 1.209919 1.317998 
76 9.859155 9.859155 9.859155 0.932035 0.980503 1.068089 
77 8.450704 8.450704 8.450704 0.739801 0.778273 0.847794 
78 7.042254 7.042254 7.042254 0.573349 0.603165 0.657044 
79 5.633803 5.633803 5.633803 0.430492 0.452879 0.493333 
80 4.225352 4.225352 4.225352 0.310903 0.327071 0.356287 
81 2.816901 2.816901 2.816901 0.207534 0.218327 0.237829 
82 1.408451 1.408451 1.408451 0.103042 0.108400 0.118083 
83 0.00000 0.00000 100.0000 18.05120 7.219365 95.07639 
84 0.00000 100.0000 0.00000 35.76159 71.51358 11.92070 
85 0.00000 33.13359 67.59705 10.69159 9.409518 40.48140 
86 100.0000 0.00000 0.00000 41.24120 21.26415 1.932463 
87 94.20612 78.45068 19.72946 57.26166 60.12863 11.64426 
88 36.69405 0.00000 0.00000 4.572236 2.357466 0.214244 
89 0.00000 100.0000 82.94474 47.58413 76.24186 74.19049 
90 0.00000 72.32779 92.61924 32.39951 40.52563 85.63138 
91 87.16577 0.00000 65.69759 37.23299 18.38501 38.41347 
92 27.84425 0.00000 32.60380 4.165670 1.966596 8.374910 
93 80.44213 0.00000 100.0000 43.26387 20.21913 96.25779 
94 0.00000 40.49502 0.00000 4.876739 9.752167 1.625603 
95 54.28923 83.58000 83.09836 46.25368 57.83890 70.96696 
96 99.64902 54.16465 59.15486 55.59291 41.53418 34.30932 
97 71.21776 0.00000 32.78255 20.78353 10.53280 9.245608 
98 46.79549 37.31249 11.33027 11.97931 12.24453 2.887821 
99 100.0000 59.20773 32.65978 53.87732 44.01739 13.90262 
100 64.63977 25.00861 0.00000 17.30334 11.62404 1.332429 
101 0.00000 22.16345 11.90172 1.678259 2.973997 1.737718 
102 72.47022 90.28845 58.57242 53.77703 69.19192 39.11564 
103 41.91997 21.91188 30.92662 8.865486 6.498281 8.159871 
104 73.26208 60.70118 86.52506 45.13999 39.11439 73.34641 
105 99.83688 57.25306 83.06225 63.22710 46.48296 67.82013 
106 74.56503 93.82860 0.00000 52.21600 72.84893 11.31182 
107 0.00000 24.72380 83.13028 13.66223 8.311828 63.17709 
108 76.53365 74.48029 59.14113 46.51661 50.64485 36.53119 
109 100.0000 16.82193 33.01145 43.70876 23.62721 10.68513 
110 16.21480 0.00000 1.213675 0.945066 0.485335 0.132108 
111 60.42006 37.31300 32.60469 19.01303 15.71556 10.24733 
112 17.08572 19.91660 33.01106 3.802463 3.518253 8.905136 
113 0.00000 97.25779 97.18312 50.48700 73.89832 100.2878 
114 0.00000 43.65606 45.76558 8.913601 12.71560 18.72786 
115 78.68008 60.91987 67.88633 43.32297 38.94575 44.83801 
116 72.50046 25.24866 23.12888 22.62213 14.32609 5.709518 
117 75.08937 0.00000 3.452723 21.65494 11.15980 1.266735 
118 50.43167 59.19597 0.00000 20.05160 26.75146 4.107720 
119 36.28389 77.86987 23.12652 25.58025 43.26318 11.13863 
120 83.00350 83.05577 97.18209 67.46196 67.69302 98.19376 
121 0.00000 48.94271 73.24189 16.25451 18.19416 49.55127 
122 18.44415 62.14736 45.54698 16.64372 26.48386 20.80725 
123 100.0000 77.94350 70.29042 69.77106 65.25942 51.70917 
124 53.99365 6.938875 64.02878 17.27633 8.453550 35.50991 
125 43.31504 53.08597 32.65814 16.77549 21.40324 11.49070 
126 36.07218 24.87575 59.06000 11.76820 8.099048 30.06128 
127 53.49046 5.562017 39.99026 12.77574 6.546743 13.15869 
128 61.10869 75.01845 83.10207 44.24681 49.18861 69.40915 
129 98.52532 44.28212 99.21080 63.49611 39.43914 97.21187 
130 71.40003 52.53608 35.21989 29.66711 27.73003 13.42375 
131 54.45434 50.49543 11.18377 18.65947 21.20109 4.241056 
132 85.65926 0.00000 32.61626 30.61164 15.60212 9.620522 
133 22.16228 16.84222 5.770037 2.606191 2.613387 0.809302 
134 100.0000 22.66652 59.06056 48.29841 26.49098 31.68804 
135 42.86825 1.534472 17.17174 6.838594 3.536632 2.685388 
136 0.00000 72.91782 80.28603 28.53478 39.48400 63.72126 
137 81.71162 58.25018 56.33710 41.79934 36.81590 31.16108 
138 90.83123 91.34282 49.10464 65.99037 76.81086 30.83052 
139 33.91173 18.28038 14.95171 5.234795 4.144616 2.368882 
140 65.13275 40.50746 0.00000 20.62469 17.87652 2.364409 
141 100.0000 42.83690 32.60302 48.30196 32.87711 12.01652 
142 80.32333 13.26932 79.32763 36.39180 18.36872 57.69841 
143 84.78260 100.0000 88.58576 77.85309 91.62992 85.48122 
144 42.38396 43.87863 61.44215 18.03570 17.18050 34.12985 
145 50.09295 64.93976 100.0000 40.47744 38.91229 100.0129 
146 19.88921 33.53671 41.11507 7.182649 8.291262 14.54831 
147 53.14272 32.86275 53.99397 17.79475 13.32930 25.56781 
148 53.53150 5.627851 0.143579 10.39984 5.602045 0.544213 
149 37.77871 40.07231 85.22850 22.19740 17.06987 68.01609 
150 60.11219 54.07008 45.69373 25.44591 26.21515 20.40668 
151 30.59919 40.20529 0.211977 7.950370 11.22777 1.764209 
152 84.73110 100.0000 100.0000 82.15176 93.34464 108.3250 
153 34.38180 48.74174 41.94784 13.89060 17.60693 16.57158 
154 44.04333 61.64380 62.34550 25.06864 30.14481 37.29927 
155 74.90489 38.87950 53.27087 30.39695 21.80237 25.84679 
156 27.35921 31.71950 20.19046 6.051306 7.404105 4.300277 
157 57.61718 72.32939 92.61924 44.41942 46.72441 86.19484 
158 47.80641 0.00000 84.52034 20.34753 9.064597 65.34142 
159 60.82321 52.64857 64.01081 28.72888 26.75047 38.41703 
160 43.56069 33.40487 32.60649 11.39573 10.53690 9.649821 
161 63.89202 38.23529 84.39141 31.70277 21.33780 66.89058 
162 48.47576 32.07187 97.19960 28.18028 17.02625 90.51872 
163 0.00000 0.00000 46.00484 3.229575 1.291630 17.01030 
164 57.16683 39.77945 49.29514 20.25813 16.98193 21.85511 
165 100.0000 25.06244 25.35199 44.01362 25.29807 7.513930 
166 63.70718 1.347464 37.59426 17.13520 8.646488 11.80338 
167 67.24533 69.93248 38.46645 35.09430 41.56537 17.75597 
168 13.75164 25.23799 23.12887 3.337729 4.380666 4.805453 
169 89.18758 59.65486 5.727704 43.14637 38.93056 5.680030 
170 91.16161 74.19122 45.68981 54.85106 54.98214 24.40773 
171 32.51358 69.92850 38.46645 21.75324 34.68366 17.13026 
172 52.12359 86.53265 68.09619 43.03352 59.55090 49.10347 
173 0.00000 100.0000 56.18191 40.73979 73.50455 38.14107 
174 78.03910 33.99775 40.85738 29.44579 19.91383 15.44324 
175 48.40039 67.66821 29.30910 24.34912 34.46086 11.98137 
176 10.09124 3.130342 20.41641 1.127332 0.638272 3.320371 
177 96.58238 38.89252 0.00000 42.58612 28.60454 3.278539 
178 62.66637 75.40883 67.88426 40.92585 48.29972 46.76717 
179 42.06720 38.69919 32.59833 12.09514 12.63319 10.01342 
180 100.0000 79.63780 97.63901 79.71322 70.84635 99.10770 
181 18.45551 9.780317 16.74948 1.952174 1.470608 2.439351 
182 51.44775 88.60260 100.0000 54.62136 66.41398 104.5766 
183 96.30535 84.76023 90.14466 76.71767 74.40459 85.10842 
184 28.37605 8.566650 66.21895 10.13211 4.819045 37.87266 
185 6.505891 40.93075 23.11091 5.999894 10.40563 5.822130 
186 53.18478 15.97431 18.31073 11.38317 6.974088 3.404716 
187 70.44810 78.72963 19.72941 40.15409 51.55318 10.88997 
188 36.77920 59.80761 73.51712 24.92677 28.59708 51.49707 
189 76.97946 38.98036 73.24877 36.29057 24.35556 49.69517 
190 46.45366 91.36052 49.10464 40.38047 63.62519 29.63415 
191 27.38303 28.77544 51.94875 9.118256 7.789212 23.02786 
192 78.59207 86.52631 70.89108 58.01051 67.18450 53.51826 
193 28.78463 82.21651 73.26972 34.69285 50.93028 54.93906 
194 61.32628 100.0000 34.82216 51.34135 79.33898 22.01953 
195 0.00000 16.22877 49.46329 4.580716 3.121688 20.14947 
196 55.59198 72.25662 51.20596 32.37740 41.74200 27.68034 
197 47.80254 35.07532 23.42020 12.42927 11.67171 5.835866 
198 66.28224 3.137570 21.96481 17.16776 8.898343 4.556897 
199 70.37411 65.30225 0.00000 32.42800 37.09995 5.453427 
200 27.76088 60.61903 67.88635 21.78923 27.65396 43.79256 
201 37.07779 13.30366 32.61292 6.810571 4.175923 8.666789 
202 100.0000 0.00000 99.75349 59.19140 28.44312 96.47692 
203 18.75858 9.361292 37.59238 3.640026 2.114308 11.25212 
204 79.21397 83.88313 89.84866 62.53940 66.26088 83.72910 
205 94.55224 92.37029 0.00000 66.17910 78.44651 11.65689 
206 24.88385 0.00000 0.00000 2.078961 1.071921 0.0974151 
207 0.00000 82.70911 53.84373 27.80968 48.35328 31.65529 
208 86.59590 32.30499 51.02787 36.84835 23.05267 23.67678 
209 47.94874 46.06533 29.54183 15.76221 17.50140 9.266531 
210 0.00000 1.909157 11.38614 0.274960 0.194344 1.188009 
211 0.00000 39.63007 32.78830 6.244596 9.951621 9.902155 
212 62.72102 43.66816 45.76558 23.40237 20.19108 19.40773 
213 88.43211 50.50399 11.18376 39.24706 31.82047 5.206574 
214 10.11172 24.99313 0.117597 2.240895 3.854251 0.634644 
215 48.40556 25.03509 8.272121 10.19197 7.947242 1.711480 
216 74.73644 92.41001 100.0000 69.32636 78.02473 106.0433 
217 36.87157 65.31683 0.00000 18.35715 29.85498 4.796037 
218 20.57408 68.13893 100.0000 34.58087 38.13694 100.1738 
219 59.07002 100.0000 93.03719 63.77863 84.18695 93.22157 
220 32.44250 68.46981 65.38226 25.74636 35.10790 41.85684 
221 82.80311 48.87597 38.76008 36.43967 29.34468 15.51267 
222 85.56080 32.66523 63.01930 38.49125 23.73019 36.14158 
223 66.23267 24.49730 88.69990 31.84175 17.42188 73.78990 
224 24.26265 24.99692 0.00000 3.797776 4.657994 0.699104 
225 9.702172 0.00000 3.452707 0.443028 0.222843 0.272795 
226 58.92523 22.67494 59.06056 19.68443 11.73908 30.34757 
227 75.05612 37.02736 0.221876 25.62897 19.21063 2.374747 
228 47.92931 24.59647 26.99404 10.88877 8.106154 6.595700 
229 83.66322 41.19236 23.11091 33.38410 24.62556 7.124690 
230 64.18556 0.00000 100.0000 33.29416 15.07871 95.79064 
231 96.24255 100.0000 93.03719 88.88806 97.13348 94.39813 
232 69.77024 100.0000 73.48178 63.11347 84.57408 60.24027 
233 33.33108 85.92132 85.91550 41.90254 57.76025 76.03715 
234 0.00000 14.29458 61.93166 6.810066 3.754837 32.68861 
235 90.93417 35.99463 38.03091 39.20715 25.61880 14.18734 
236 88.20335 28.43405 11.67710 33.60884 20.79053 3.456699 
237 41.56286 72.32360 92.61924 38.33967 43.58510 85.90909 
238 34.15246 20.45916 100.0000 23.22559 11.72104 95.67281 
239 65.91950 46.85879 64.06217 29.46829 24.30330 37.96768 
240 40.72971 45.75572 53.42813 16.47863 17.36622 25.87367 
241 73.98696 0.00000 84.52034 33.23846 15.71122 65.94546 
242 78.26301 67.65964 63.08084 44.98089 44.49574 39.88042 
243 0.00000 29.40424 47.61657 5.992413 6.420158 19.15376 
244 74.00310 57.44649 21.59437 31.96038 31.76713 8.071872 
245 71.74333 22.65544 59.06056 26.57153 15.28639 30.66956 
246 36.95691 31.54555 40.45419 9.998501 9.176787 14.12242 
247 64.86775 56.98723 100.0000 43.82931 35.61113 99.19912 
248 0.00000 74.14315 73.23956 27.15714 39.99751 53.18238 
249 84.06753 48.65552 47.51798 38.51984 30.17152 21.94372 
250 30.54580 21.93057 25.26691 5.481134 4.810895 5.556100 
251 63.68913 0.00000 11.53035 15.21030 7.816262 1.896816 
252 37.10156 59.06245 31.04075 17.10052 24.98522 11.35030 
253 30.52750 25.22943 21.24566 5.651563 5.585590 4.293158 
254 66.65018 17.55590 6.092941 17.58903 10.43836 1.561159 
255 99.44895 30.56153 84.68899 55.83571 31.39211 68.07364 
256 0.00000 80.30070 38.46696 23.98580 44.43101 18.89453 
257 66.50816 13.98575 66.21758 24.26007 12.60340 38.62945 
258 66.82223 40.03572 25.03045 22.34497 18.47987 7.216943 
259 95.40581 63.46833 100.0000 68.00607 52.11170 101.1108 
260 29.69192 40.06186 40.68779 10.21115 12.05205 14.82352 
261 66.44245 59.10041 36.31520 29.43316 31.30431 14.75965 
262 9.113376 13.32508 0.00000 0.930135 1.327597 0.207276 
263 42.56569 31.44639 81.68433 20.55575 13.55574 61.41538 
264 89.90433 73.37155 57.75423 55.47580 54.39710 35.30270 
265 67.28918 33.80627 33.80282 21.95553 16.08884 10.79774 
266 52.37647 9.894446 28.62946 11.31737 6.219482 6.911035 
267 46.00872 0.00000 100.0000 25.43109 11.02447 95.42219 
268 81.84619 9.402513 21.27451 27.21090 14.43641 4.875487 
269 73.83357 92.33430 42.03979 53.31162 71.46470 24.95664 
270 92.73994 86.97156 61.73699 66.94164 72.48872 42.56632 
271 0.00000 38.37091 96.72336 21.08826 15.39867 89.59391 
272 0.00000 51.09532 64.54894 14.77782 18.74400 38.25649 
273 40.94833 16.34737 49.46335 10.34908 6.111603 20.42285 
274 38.69835 42.85974 37.57327 12.71417 14.47516 13.14862 
275 26.48425 40.31294 23.11357 7.970121 11.18731 5.870154 
276 100.0000 69.92753 82.89863 69.03299 57.95034 69.45234 
277 79.51353 70.69709 81.15241 52.19764 49.91842 65.89477 
278 69.82155 100.0000 100.0000 72.18394 88.20519 107.8579 
279 79.58724 88.22774 84.32635 63.80722 71.43457 74.75784 
280 8.590502 26.98597 70.31842 10.61452 7.669408 43.74638 
281 67.01838 79.63094 40.83516 40.64885 52.38617 21.10621 
282 85.64504 21.04982 16.90479 30.77480 17.75266 4.101850 
283 61.90245 0.00000 0.00000 14.07143 7.255294 0.659353 
284 31.96400 48.26240 77.75179 20.75346 20.04324 56.37786 
285 59.35086 62.17516 72.44429 33.87734 34.74368 50.68599 
286 34.38965 30.02769 15.67836 7.002616 7.460868 3.077422 
287 69.12894 31.72751 20.19046 21.51225 15.37809 5.025177 
288 69.65163 100.0000 55.80822 58.93950 82.89671 38.61854 
289 68.85825 54.11025 47.98023 30.43301 28.76780 22.48108 
290 54.85476 59.61314 49.79245 25.85499 29.55624 24.41706 
291 75.79357 24.95073 0.00000 23.87520 15.00005 1.637963 
292 15.43475 0.00000 79.09403 11.47519 4.687740 56.00067 
293 13.40002 19.05782 24.25820 2.612641 2.852331 4.951569 
294 36.45647 40.33078 17.44367 9.809497 12.17984 4.265597 
295 57.11168 0.00000 76.99642 21.79312 10.07958 53.24067 
296 11.30598 88.31584 98.83987 45.06222 61.24576 101.6043 
297 63.53378 73.23652 73.23943 41.56627 46.69388 53.71587 
298 76.51146 24.56683 49.29114 28.03774 16.63242 21.37446 
299 69.84279 63.83090 27.09917 32.51776 36.01957 10.88844 
300 53.15959 42.78322 72.56293 24.32221 19.65911 48.44444 
301 85.38237 59.31127 32.65976 41.51105 37.70451 13.33537 
302 53.98818 25.43720 18.40067 12.82124 9.345388 3.810621 
303 91.61595 11.77142 44.86297 37.33342 19.58502 17.85769 
304 100.0000 31.25617 46.83714 47.44468 28.30020 20.55890 
305 0.00000 64.84806 18.02003 14.01355 27.23579 7.099988 
306 76.91917 43.35914 65.21609 35.35192 25.79515 39.34834 
307 76.66726 76.04401 32.87808 43.50335 50.84986 15.88075 
308 69.70035 68.13057 100.0000 51.43679 46.82183 100.9624 
309 41.57175 34.30121 38.03200 11.54823 10.81943 12.78807 
310 11.82872 90.69246 29.61871 30.47972 58.08889 16.36117 
311 0.00000 35.65954 42.04580 6.400789 8.535585 15.28448 
312 15.51727 22.76525 15.67488 2.756554 3.626407 2.560071 
313 29.66725 33.33829 44.84198 9.259645 9.243320 17.32425 
314 30.43727 13.34404 0.00000 3.683363 2.749216 0.336680 
315 44.02556 19.92334 66.88058 15.19961 8.736428 39.19730 
316 100.0000 66.93318 52.55758 60.04904 51.98789 29.44075 
317 100.0000 76.88770 35.17713 62.82957 61.50270 18.17203 
318 37.20567 12.06364 14.48334 5.523453 3.527720 2.134848 
319 36.29457 0.00000 22.18714 5.197237 2.595501 4.044403 
320 62.62048 22.88495 33.01329 17.57282 11.14695 9.653613 
321 90.50849 10.46411 59.06113 38.82945 19.94953 30.92469 
322 41.53923 62.12991 88.38095 31.87857 33.11528 76.23242 
323 51.72182 38.02616 32.60271 15.33736 14.06669 10.12162 
324 38.92724 37.97930 0.00000 9.435515 11.18860 1.662768 
325 94.46351 100.0000 75.04565 81.44282 93.97456 63.36562 
326 53.89257 80.54121 0.00000 32.31025 49.19660 7.794643 
327 53.30380 55.27601 29.01597 20.89580 24.75772 10.15747 
328 22.75489 36.29839 59.05119 11.17483 10.87231 30.61834 
329 43.55915 13.32701 0.00000 7.136710 4.527942 0.498141 
330 0.00000 93.64447 85.40843 43.43568 66.65665 76.78413 
331 87.81722 77.82037 100.0000 69.06823 63.64602 103.2814 
332 73.92272 31.51601 81.95170 35.26583 21.14985 62.54886 
333 83.12878 79.95905 13.23622 48.99974 57.24233 9.963650 
334 51.03407 92.41797 97.18402 56.04432 71.31642 99.49854 
335 52.81028 49.70031 73.21706 26.43246 23.80840 50.06334 
336 76.51146 66.26623 49.31324 40.46765 41.48311 25.53565 
337 27.31162 29.98581 25.35174 6.060913 6.899295 5.961267 
338 45.49746 0.00000 43.09541 10.01385 4.838299 15.13177 
339 72.90608 97.93933 30.97501 55.74736 79.20094 19.74799 
340 50.63202 16.38800 23.12592 10.67975 6.632851 4.852489 
341 91.63253 16.87083 5.770080 34.77112 19.20156 2.317208 
342 100.0000 54.05853 48.56791 53.93727 40.84754 24.06803 
343 0.00000 64.86407 38.46959 15.73804 27.93721 16.14681 
344 76.91876 0.00000 66.14437 29.93377 14.60920 38.62636 
345 76.43251 38.00044 32.87395 28.34066 20.75921 10.86884 
346 87.28129 67.90929 90.63979 59.71910 51.34821 82.48531 
347 51.30363 33.15243 38.03161 14.70264 12.09915 12.86871 
348 70.80143 55.77175 31.04047 30.07258 29.74649 11.58600 
349 0.00000 29.65414 42.04049 5.223095 6.181664 14.88837 
350 15.43484 29.41673 15.67860 3.750366 5.625310 2.894454 
351 29.66508 0.00000 47.76013 6.452493 2.922101 18.57306 
352 0.00000 12.80605 33.63423 2.204784 1.736498 8.976761 
353 64.41325 71.57127 28.39481 33.37851 42.05476 12.56237 
354 43.89035 100.0000 72.87776 51.28038 78.49190 58.82752 
355 69.59846 78.35580 91.53893 53.62073 56.52736 85.51777 
356 27.20241 50.40295 0.00000 10.26904 16.85378 2.712416 
357 74.82274 45.40962 20.57499 28.28802 23.74672 6.398747 
358 77.93985 28.86216 17.24341 26.36315 17.13527 4.299980 
359 10.61357 8.116327 0.00000 0.716186 0.759010 0.108790 
360 78.98680 22.91636 30.92659 27.14174 16.11025 9.052651 
361 0.00000 49.71235 97.18252 24.47535 21.88239 91.61591 
362 0.00000 65.57533 56.33740 18.86737 29.71732 30.99896 
363 69.46895 60.97808 62.34584 36.22651 35.47397 37.74067 
364 100.0000 70.41183 38.46660 59.68163 54.60598 18.97829 
365 76.29944 59.81610 73.51712 42.72969 37.78161 52.33229 
366 37.93770 86.80707 0.00000 30.85445 54.42475 8.880506 
367 35.73741 32.67004 63.01931 13.85131 11.02712 34.98728 
368 32.63998 46.84579 62.38405 16.50501 17.65732 35.38455 
369 52.65864 80.29749 44.52934 34.66287 49.84039 23.58507 
370 70.28890 0.00000 48.61800 22.28247 11.06828 20.02917 
371 83.21193 60.29307 49.79227 42.55040 38.58522 25.28042 
372 30.19010 53.50582 36.86496 13.94711 20.11677 13.74224 
373 56.84569 43.44950 0.00000 17.33243 17.34063 2.434367 
374 51.52845 32.74393 5.756862 12.63791 11.15425 1.928254 
375 29.22611 61.00237 17.23185 15.13321 25.28485 6.461661 
376 72.39359 37.74213 17.23650 24.57181 18.85792 4.725118 
377 48.89901 96.05307 94.36695 56.87101 75.92601 94.61713 
378 27.43401 46.56257 53.69233 13.59801 16.23401 26.05846 
379 72.60374 41.96093 47.77425 28.80196 22.24882 21.13824 
380 0.256762 22.10292 25.74384 2.412988 3.256366 5.602767 
381 61.22754 100.0000 0.00000 49.49768 78.59596 12.56434 
382 33.30269 22.17694 0.00000 5.180289 4.809853 0.655602 
383 79.17769 62.24708 0.00000 36.68411 37.24703 5.257652 
384 44.25533 67.26302 55.36835 26.27512 34.74997 30.60429 
385 80.04246 54.65370 98.99623 51.85998 38.48038 97.18322 
386 42.03032 100.0000 46.72750 45.18592 75.98656 29.79388 
387 74.14239 15.51000 15.23860 22.11045 12.46201 3.149062 
388 37.66679 9.437206 37.59236 7.262130 3.987541 11.42291 
389 100.0000 66.72209 62.52998 61.94077 52.58272 39.90341 
390 70.16972 72.01439 92.61965 50.80910 49.77101 86.44719 
391 28.43658 8.184880 15.80528 3.364999 2.084393 2.260198 
392 38.33766 38.38919 97.33045 26.34352 18.08711 91.09186 
393 39.76802 87.96174 55.79991 37.05586 58.22192 34.99969 
394 64.37508 64.86904 18.01201 29.36552 35.16564 7.819972 
395 68.64855 63.39156 79.14433 41.19061 39.09166 61.15607 
396 41.60515 100.0000 31.41116 43.16848 75.16469 19.84594 
397 73.48011 50.43014 0.00000 28.38309 26.20676 3.563762 
398 75.32396 43.45493 0.00000 27.42236 22.54524 2.907582 
399 37.49178 25.30657 47.34634 10.08122 7.566324 18.93848 
400 17.51705 7.573694 0.00000 1.306038 1.027175 0.129487 
401 42.70335 19.53367 81.00248 18.63540 9.992933 59.71128 
402 88.40505 46.87047 57.75619 43.13511 31.51190 31.53723 
403 97.89618 35.61007 33.91600 44.71889 28.38834 12.03345 
404 52.41746 9.805955 9.859157 10.30308 5.807850 1.506343 
405 36.45633 47.70775 86.47105 24.41400 21.35252 70.91315 
406 83.14766 0.00000 1.252282 27.17700 14.01058 1.364112 
407 57.03736 67.79010 40.62013 29.15205 36.88483 18.57340 
408 100.0000 91.59219 81.45678 81.89139 84.39448 71.48481 
409 2.248327 38.23534 84.39141 16.68526 13.59472 66.18689 
410 21.32361 65.21083 67.88382 22.78426 31.19033 44.41948 
411 56.78011 24.82851 42.33864 16.14015 10.67261 15.39167 
412 37.77416 42.82784 45.76539 13.54329 14.76354 18.87918 
413 33.71770 39.15535 23.11168 9.166318 11.37691 5.843108 
414 99.26831 0.00000 87.02538 53.73223 26.18075 71.29037 
415 88.86182 60.56684 81.67430 54.60159 44.09235 65.50008 
416 96.60419 65.74108 70.30875 60.22989 50.79397 49.44434 
417 47.94021 73.47180 78.50149 36.35424 44.02184 61.35061 
418 15.34616 13.91120 20.96211 2.110264 1.925529 3.684719 
419 0.00000 59.36171 100.0000 29.17830 29.47058 98.78548 
420 19.89099 55.20510 29.63314 12.13280 20.19353 10.01917 
421 23.48306 60.59993 73.51711 22.52061 27.84953 51.47948 
422 23.03744 18.36706 37.08040 4.844519 3.760402 11.19489 
423 89.33517 65.09584 46.83612 48.92581 45.07536 23.71818 
424 59.52336 65.74179 70.21353 34.98785 37.78240 48.13383 
425 30.42814 7.568427 0.00000 3.346854 2.079079 0.225047 
426 41.17214 69.68202 80.28319 32.67074 39.11167 63.42697 
427 89.13023 97.87424 38.04182 67.98335 85.34739 24.20787 
428 0.00000 31.71921 8.869986 3.084776 5.927394 1.772519 
429 7.163517 69.40701 0.00000 15.97512 31.56837 5.252233 
430 22.78313 30.53322 0.00000 4.464929 6.330711 0.986850 
431 85.62805 74.01005 32.38831 48.70452 51.85445 15.54750 
432 92.54925 74.84109 75.04729 62.63650 58.80463 57.56969 
433 87.32508 31.90943 100.0000 51.35472 28.79871 97.48777 
434 61.97370 84.79067 100.0000 56.77096 63.71160 103.9417 
435 68.49360 45.57189 76.84335 33.83192 25.59706 55.36903 
436 68.12538 72.25951 51.20596 38.65821 44.98269 27.97508 
437 37.85987 50.80569 53.23179 17.23087 20.13212 26.18089 
438 35.97127 10.22101 87.63094 18.13956 8.355362 70.81369 
439 36.83670 49.69161 100.0000 30.21342 24.69967 97.81003 
440 0.00000 76.74050 59.18070 25.24975 41.56748 35.94176 
441 34.93951 77.80186 36.19047 26.35877 43.47175 17.19655 
442 0.00000 24.36712 49.29099 5.476710 4.958490 20.30920 
443 73.15064 75.17671 68.16785 46.78886 51.12150 47.37172 
444 26.04638 31.39588 81.95179 16.65488 11.52045 61.67047 
445 60.89144 32.46716 42.04061 19.31257 14.21697 15.69742 
446 100.0000 86.59272 0.00000 67.04904 72.87290 10.53520 
447 19.21619 38.06381 0.00000 5.547452 9.213302 1.486260 
448 94.14999 69.48772 0.00000 51.72558 50.06165 6.939029 
449 83.03582 76.31488 78.49830 56.95076 56.98839 62.76372 
450 13.78781 83.04944 100.0000 42.23803 54.55012 102.9387 
451 43.11545 96.62093 84.03115 51.67177 74.32025 75.44723 
452 70.54961 97.02111 80.89959 63.36307 80.92656 70.87966 
453 0.00000 41.96852 70.61136 13.50474 13.81597 45.17873 
454 71.06204 45.03817 44.32077 28.20079 23.26893 18.63844 
455 82.11728 52.42222 81.52171 46.26047 35.12349 63.95717 
456 15.94062 18.27103 0.00000 1.901107 2.465055 0.375699 
457 69.45737 21.98155 39.86591 21.95697 13.14820 13.86689 
458 56.61496 22.81869 97.44623 30.10920 15.81530 90.69615 
459 31.55445 58.24152 51.49564 18.13753 24.71354 25.40554 
460 77.67955 61.72892 62.34550 41.69454 38.77189 38.08888 
461 80.17244 69.57984 38.46667 43.04006 45.39653 18.07714 
462 100.0000 56.75739 73.51698 60.34644 45.03869 52.80505 
463 63.38581 53.39313 38.54833 25.87151 26.18206 15.32431 
464 52.34114 31.16942 63.84321 19.17206 13.32445 36.12822 
465 10.13998 46.85966 64.06217 13.72180 16.18474 37.22992 
466 74.41397 80.54957 51.58555 47.23754 56.42262 30.07600 
467 56.77428 23.70666 49.46451 17.05194 10.78866 20.97363 
468 97.01879 59.60789 49.79244 53.55733 43.83648 25.71450 
469 18.84024 36.27245 32.89564 6.686938 9.007388 9.752090 
470 44.73228 37.98143 24.85103 12.11747 12.46719 6.526172 
471 53.19723 70.03211 5.684390 26.21714 37.30934 6.254258 
472 29.22612 15.59739 17.22807 4.069389 3.160469 2.772775 
473 72.38798 61.00697 16.03337 32.12441 34.05487 6.970137 
474 76.31471 39.47060 97.33079 43.99845 27.57918 91.99494 
475 53.75127 42.62578 61.90319 21.92325 18.66001 34.73694 
476 55.74412 62.05568 79.94263 34.33154 34.65084 61.93034 
477 49.01550 75.16834 68.16785 34.85996 44.96392 46.81141 
478 33.01591 37.75849 64.24780 14.56844 12.98497 36.79108 
479 80.69236 75.18134 66.75525 51.45394 53.57078 45.78308 
480 75.12190 92.94730 72.63140 60.69749 75.23482 57.35344 
481 50.06820 63.02809 71.83347 30.11626 33.38081 49.76525 
482 54.80288 46.53231 47.28428 20.75498 20.03603 20.73249 
483 67.13898 23.98379 29.37929 19.78437 12.54374 8.023278 
484 30.75564 29.49026 100.0000 23.75835 13.91675 96.06859 
485 0.00000 13.23545 0.00000 0.564886 1.129619 0.188298 
486 13.28597 5.954162 3.450891 0.877166 0.703795 0.342660 
487 51.03394 63.36871 59.07114 27.63242 32.67383 33.98139 
488 0.00000 51.30721 40.62470 10.57252 17.17757 15.75099 
489 50.63879 25.24768 23.12888 11.71717 8.703231 5.198497 
490 57.74123 42.55438 22.63632 18.25003 17.36203 6.357025 
491 29.97644 10.09085 99.75833 21.33143 9.461731 94.81736 
492 76.34666 99.50024 92.98133 73.08351 88.38581 93.43307 
493 21.79613 29.97873 11.67807 4.454434 6.151513 2.166652 
494 81.00132 87.80746 11.81027 52.47656 66.55571 11.31941 
495 56.71633 87.45944 38.19939 40.18323 59.63989 20.80866 
496 0.00000 6.568995 20.19208 0.805206 0.636662 3.270749 
497 34.87874 31.03506 46.83714 10.27643 9.074818 18.80546 
498 33.63231 72.45314 59.52007 26.76433 38.81965 35.70172 
499 79.16793 0.00000 43.09513 27.13376 13.66541 15.93377 
500 37.50987 77.97088 87.40475 38.47607 48.55256 77.09353 
501 100.0000 93.06159 37.54030 73.71461 82.84424 23.11305 
502 61.81265 66.42311 62.53018 34.58370 38.26553 38.58089 
503 44.26172 6.122930 1.252702 6.990245 3.869014 0.469745 
504 43.11416 41.20374 46.54790 14.79397 14.75277 19.43137 
505 52.69292 54.48712 59.18170 24.69397 25.77751 32.92419 
506 4.475718 21.98041 39.86591 3.941553 3.859162 13.02269 
507 11.57531 70.96009 97.32871 34.00901 40.08075 94.92991 
508 88.29471 50.46367 94.02178 54.60114 37.92655 86.71496 
509 50.61855 52.00126 94.02073 33.09182 27.61575 85.85548 
510 35.98990 99.41890 94.36655 55.50565 79.16454 95.31336 
511 24.54719 47.81563 45.25217 12.09301 16.19125 18.83088 
512 61.83415 46.47945 100.0000 38.62903 27.53620 97.91432 
513 0.00000 12.80047 22.53167 1.283920 1.367606 4.128390 
514 43.50316 100.0000 0.00000 42.30875 74.88932 12.22748 
515 33.61441 22.17692 12.78115 5.521917 4.954898 2.074986 
516 60.75788 56.45230 0.00000 23.47150 26.89385 3.955081 
517 65.88498 47.37149 17.23463 23.41748 22.13335 5.417698 
518 37.63776 96.74307 76.89461 47.96408 72.80370 63.81497 
519 42.02837 49.91606 5.711301 13.79442 18.42195 3.265513 
520 92.56158 0.00000 20.77056 35.24551 18.09850 5.001948 
521 56.64805 55.97507 42.74942 24.12551 26.63959 18.34637 
522 72.46240 69.13824 65.38212 42.49045 44.23528 42.73663 
523 77.40999 61.55581 97.57143 52.25275 42.85419 95.00995 
524 18.33890 17.54783 43.58351 4.967540 3.607119 15.51734 
525 64.36266 34.99473 62.26728 25.16789 17.58622 34.77973 
526 39.76802 80.01263 55.78671 31.91636 47.94841 33.27384 
527 49.83135 64.40581 18.01959 22.57336 31.34801 7.442812 
528 68.47489 64.52876 88.38000 44.60903 41.27227 77.13473 
529 22.20618 97.94104 30.97501 37.18630 69.63277 18.87865 
530 0.00000 50.97489 0.00000 7.981140 15.96014 2.660418 
531 89.58059 54.39416 36.21588 43.27008 35.72470 14.82545 
532 20.62770 59.84117 81.54620 24.15165 27.94534 63.77620 
533 90.30030 44.36263 76.60433 48.52807 32.66230 55.59510 
534 68.72282 65.14143 70.21380 39.53310 39.71024 48.26692 
535 55.98684 77.81267 27.36353 32.67766 46.83704 13.07858 
536 76.14678 22.82965 37.66295 25.93082 15.38724 12.68330 
537 89.25371 41.93635 62.50457 43.41135 29.44902 36.38420 
538 3.534598 88.15709 73.70147 36.05607 57.42358 56.74075 
539 68.84310 91.14880 94.02890 62.47768 73.40667 93.16292 
540 67.61620 80.62773 55.95228 44.01646 54.73988 34.11424 
541 36.60923 96.43354 100.0000 55.53007 75.41402 106.2660 
542 52.01311 74.69561 88.25325 41.73049 47.42527 78.24331 
543 0.00000 0.00000 60.25795 5.804675 2.321511 30.57345 
544 55.38596 46.67641 42.54160 20.35747 19.97567 17.10952 
545 61.48469 22.90773 16.75557 15.82870 10.38828 3.431387 
546 48.62672 41.72667 4.698134 13.57428 14.70255 2.470179 
547 77.72687 57.09515 78.42684 43.98422 36.63573 59.40611 
548 53.56374 62.13836 45.54698 25.71546 31.15540 21.23119 
549 100.0000 50.04754 0.00000 48.91148 36.60264 4.489259 
550 100.0000 49.63487 29.11347 50.01972 36.82843 10.99698 
551 40.50916 98.75384 56.18193 45.36231 74.39556 38.06962 
552 70.26159 30.08541 54.11998 25.85228 16.70869 25.91767 
553 50.77856 82.72356 53.84373 36.94617 53.07774 32.08604 
554 100.0000 28.36048 0.00000 43.57937 25.93987 2.711866 
555 27.62269 21.30939 64.92215 10.73483 6.725171 36.60319 
556 19.87210 32.83419 25.02921 5.419019 7.361567 5.961805 
557 100.0000 33.44072 75.47617 54.07775 31.62939 53.40963 
558 85.97589 37.01353 83.61574 45.36238 27.98842 66.12805 
559 60.58489 35.59998 52.45889 21.43045 16.07811 24.45126 
560 89.74585 79.54085 0.00000 53.58323 59.26439 8.617590 
561 38.40156 64.86075 43.19622 21.37885 30.77244 19.61222 
562 31.51855 19.68557 30.92547 5.895127 4.582221 7.945902 
563 90.52335 87.10603 94.37497 74.88362 75.59626 93.62076 
564 43.46414 55.83505 23.97897 17.11135 23.16564 8.007326 
565 78.41385 86.99017 42.33248 52.58841 65.50237 24.05136 
566 59.22933 31.88922 8.869688 15.88609 12.57570 2.381562 
567 88.38211 32.48231 45.53326 37.40845 23.49452 19.12581 
568 45.32526 52.11962 50.09895 19.40211 21.98452 23.56394 
569 34.73707 85.75437 66.76215 36.60645 55.50333 46.94679 
570 24.03664 6.563279 20.19208 2.747867 1.637975 3.361714 
571 40.37986 15.52879 22.53195 7.085441 4.672724 4.460902 
572 61.39461 67.99246 0.00000 28.83649 37.15624 5.653456 
573 55.56157 88.33415 78.20248 48.45381 63.84832 64.07367 
574 65.71701 55.82805 62.07707 31.98405 30.21118 36.63718 
575 30.43602 0.00000 0.00000 3.110339 1.603705 0.145743 
576 47.98582 88.65948 83.09906 47.16947 63.34491 71.98272 
577 91.70518 58.77223 59.29184 50.37080 41.47993 34.72241 
578 85.60763 36.35551 8.727364 33.04009 22.79026 3.430862 
579 20.91081 20.93447 13.25295 3.061835 3.461265 2.005042 
580 40.86654 0.00000 32.59997 7.300105 3.582768 8.519815 
581 61.13368 17.16040 43.06115 17.38550 9.963322 15.70799 
582 92.09867 80.03660 73.83004 64.93568 64.50865 56.77299 
583 0.00000 98.64295 65.22463 41.58041 72.09022 47.96721 
584 80.52509 33.38883 32.60649 30.09820 20.17519 10.52525 
585 40.01942 77.71130 1.863373 25.74352 43.29765 7.138023 
586 99.65061 100.0000 33.99052 78.38315 93.29198 22.82938 
587 26.35925 12.06222 30.99182 4.225710 2.733592 7.709330 
588 87.66363 65.65985 26.99438 45.56752 43.99837 11.69759 
589 20.38063 26.05886 59.06313 8.944081 6.899791 29.98190 
590 71.56224 13.39682 21.06253 20.64186 11.42254 4.573028 
591 19.01222 88.22588 84.32635 40.43261 59.38060 73.66219 
592 77.40536 88.31915 98.83987 67.69026 72.91624 102.6652 
593 74.13430 33.35831 44.84198 27.30836 18.55529 18.17112 
594 40.64370 81.46132 100.0000 46.20911 55.11626 102.8389 
595 60.50124 34.98340 37.21528 19.03085 14.90166 12.67999 
596 46.77297 47.27102 38.49314 16.63968 18.38916 14.27122 
END_DATA
CTI1   

DESCRIPTOR "Argyll Calibration Target chart information 1"
ORIGINATOR "Argyll targen"
DENSITY_EXTREME_VALUES "8"
CREATED "February 7, 2026"

NUMBER_OF_FIELDS 7
BEGIN_DATA_FORMAT
INDEX RGB_R RGB_G RGB_B XYZ_X XYZ_Y XYZ_Z 
END_DATA_FORMAT

NUMBER_OF_SETS 8
BEGIN_DATA
0 100.0000 100.0000 100.0000 95.05399 99.99709 108.9296 
1 0.00000 46.29252 100.0000 24.53555 20.18632 97.23787 
2 100.0000 0.00000 76.45321 51.08717 25.20193 53.79160 
3 0.00000 0.00000 55.42337 4.832586 1.932736 25.45342 
4 100.0000 64.43260 0.00000 54.57175 47.92166 6.376042 
5 0.00000 34.08187 0.00000 3.400900 6.800885 1.133649 
6 78.93787 0.00000 0.00000 24.16651 12.46036 1.132384 
7 5.025967 4.490991 3.591579 0.338157 0.353794 0.312873 
END_DATA
CTI1   

DESCRIPTOR "Argyll Calibration Target chart information 1"
ORIGINATOR "Argyll targen"
DEVICE_COMBINATION_VALUES "9"
CREATED "February 7, 2026"

NUMBER_OF_FIELDS 7
BEGIN_DATA_FORMAT
INDEX RGB_R RGB_G RGB_B XYZ_X XYZ_Y XYZ_Z 
END_DATA_FORMAT

NUMBER_OF_SETS 9
BEGIN_DATA
0 100.0000 100.0000 100.0000 95.05399 99.99709 108.9296 
1 0.00000 100.0000 100.0000 53.81279 78.73294 106.9971 
2 100.0000 0.00000 100.0000 59.29240 28.48351 97.00885 
3 0.00000 0.00000 100.0000 18.05120 7.219365 95.07639 
4 100.0000 100.0000 0.00000 77.00279 92.77772 13.85316 
5 0.00000 100.0000 0.00000 35.76159 71.51358 11.92070 
6 100.0000 0.00000 0.00000 41.24120 21.26415 1.932463 
7 0.00000 0.00000 0.00000 0.00000 0.00000 0.00000 
8 50.00000 50.00000 50.00000 20.34592 21.40397 23.31593 
END_DATA
