CTI2   

DESCRIPTOR "Argyll Calibration Target chart information 2"
ORIGINATOR "Argyll printtarg"
CREATED "Sat Feb  7 18:27:21 2026"
TARGET_INSTRUMENT "X-Rite ColorMunki"
COMP_GREY_STEPS "72"
ACCURATE_EXPECTED_VALUES "true"
APPROX_WHITE_POINT "95.053991 99.997087 108.929552"
TOTAL_INK_LIMIT "400.0"
COLOR_REP "iRGB"
PAPER_SIZE "210.0x297.0"
RANDOM_START "489"
STEPS_IN_PASS "18"
PASSES_IN_STRIPS2 "17,17"
STRIP_INDEX_PATTERN "A-Z, A-Z"
PATCH_INDEX_PATTERN "0-9,@-9,@-9;1-999"
INDEX_ORDER "STRIP_THEN_PATCH"

NUMBER_OF_FIELDS 8
BEGIN_DATA_FORMAT
SAMPLE_ID SAMPLE_LOC RGB_R RGB_G RGB_B XYZ_X XYZ_Y XYZ_Z 
END_DATA_FORMAT

NUMBER_OF_SETS 612
BEGIN_DATA
1 "D12" 100.0000 100.0000 100.0000 95.05399 99.99709 108.9296 
2 "K7" 100.0000 100.0000 100.0000 95.05399 99.99709 108.9296 
3 "C6" 100.0000 100.0000 100.0000 95.05399 99.99709 108.9296 
4 "AH8" 100.0000 100.0000 100.0000 95.05399 99.99709 108.9296 
5 "K5" 100.0000 100.0000 100.0000 95.05399 99.99709 108.9296 
6 "G5" 100.0000 100.0000 100.0000 95.05399 99.99709 108.9296 
7 "O6" 0.00000 0.00000 0.00000 0.00000 0.00000 0.00000 
8 "M7" 0.00000 0.00000 0.00000 0.00000 0.00000 0.00000 
9 "N3" 0.00000 0.00000 0.00000 0.00000 0.00000 0.00000 
10 "K15" 0.00000 0.00000 0.00000 0.00000 0.00000 0.00000 
11 "AB16" 0.00000 0.00000 0.00000 0.00000 0.00000 0.00000 
12 "M18" 0.00000 0.00000 0.00000 0.00000 0.00000 0.00000 
13 "U14" 98.59159 98.59159 98.59159 92.03650 96.82268 105.4716 
14 "A4" 97.18318 97.18318 97.18318 89.07623 93.70847 102.0792 
15 "H2" 95.77478 95.77478 95.77478 86.17174 90.65293 98.75070 
16 "O4" 94.36637 94.36637 94.36637 83.32354 87.65662 95.48674 
17 "R6" 92.95796 92.95796 92.95796 80.53144 84.71932 92.28706 
18 "T16" 91.54955 91.54955 91.54955 77.79446 81.84000 89.15055 
19 "AC11" 90.14115 90.14115 90.14115 75.11185 79.01790 86.07635 
20 "V7" 88.73274 88.73274 88.73274 72.48463 76.25405 83.06562 
21 "R14" 87.32433 87.32433 87.32433 69.91153 73.54714 80.11690 
22 "T5" 85.91592 85.91592 85.91592 67.39274 70.89737 77.23043 
23 "P6" 84.50752 84.50752 84.50752 64.92756 68.30399 74.40540 
24 "W13" 83.09911 83.09911 83.09911 62.51537 65.76636 71.64109 
25 "G11" 81.69070 81.69070 81.69070 60.15705 63.28540 68.93851 
26 "L10" 80.28229 80.28229 80.28229 57.85146 60.85991 66.29636 
27 "AD5" 78.87388 78.87388 78.87388 55.59729 58.48851 63.71313 
28 "T7" 77.46548 77.46548 77.46548 53.39665 56.17344 61.19126 
29 "N12" 76.05707 76.05707 76.05707 51.24626 53.91122 58.72696 
30 "AG4" 74.64714 74.64714 74.64714 49.14806 51.70390 56.32247 
31 "F16" 73.23873 73.23873 73.23873 47.10017 49.54952 53.97564 
32 "W2" 71.83032 71.83032 71.83032 45.10397 47.44951 51.68805 
33 "J10" 70.42191 70.42191 70.42191 43.15739 45.40170 49.45731 
34 "O10" 69.01350 69.01350 69.01350 41.26080 43.40648 47.28387 
35 "AA15" 67.60510 67.60510 67.60510 39.41356 41.46319 45.16698 
36 "A10" 66.19669 66.19669 66.19669 37.61513 39.57123 43.10602 
37 "AB6" 64.78828 64.78828 64.78828 35.86693 37.73212 41.10263 
38 "L12" 63.37987 63.37987 63.37987 34.16551 35.94222 39.15284 
39 "T2" 61.97147 61.97147 61.97147 32.51257 34.20333 37.25862 
40 "N10" 60.56306 60.56306 60.56306 30.90842 32.51575 35.42029 
41 "AB10" 59.15465 59.15465 59.15465 29.34992 30.87620 33.63429 
42 "V11" 57.74624 57.74624 57.74624 27.83920 29.28693 31.90305 
43 "A17" 56.33783 56.33783 56.33783 26.37366 27.74517 30.22356 
44 "AF9" 54.92943 54.92943 54.92943 24.95507 26.25281 28.59790 
45 "AF13" 53.52102 53.52102 53.52102 23.58237 24.80873 27.02482 
46 "E4" 52.11261 52.11261 52.11261 22.25410 23.41139 25.50266 
47 "P14" 50.70420 50.70420 50.70420 20.97070 22.06124 24.03191 
48 "O14" 49.29580 49.29580 49.29580 19.73189 20.75801 22.61226 
49 "I4" 47.88739 47.88739 47.88739 18.53606 19.49999 21.24187 
50 "AF11" 46.47898 46.47898 46.47898 17.38390 18.28792 19.92153 
51 "AE15" 45.07057 45.07057 45.07057 16.27480 17.12113 18.65052 
52 "E14" 43.66217 43.66217 43.66217 15.20791 15.99877 17.42789 
53 "Y8" 42.25376 42.25376 42.25376 14.18401 14.92162 16.25453 
54 "P16" 40.84535 40.84535 40.84535 13.20019 13.88664 15.12709 
55 "A6" 39.43694 39.43694 39.43694 12.25790 12.89535 14.04725 
56 "N8" 38.02853 38.02853 38.02853 11.35569 11.94622 13.01334 
57 "Y10" 36.62013 36.62013 36.62013 10.49356 11.03926 12.02536 
58 "N6" 35.21172 35.21172 35.21172 9.671514 10.17446 11.08332 
59 "O2" 33.80331 33.80331 33.80331 8.887812 9.350005 10.18522 
60 "Q5" 32.39490 32.39490 32.39490 8.142433 8.565865 9.331030 
61 "AE5" 30.98650 30.98650 30.98650 7.434235 7.820838 8.519451 
62 "AD10" 29.57809 29.57809 29.57809 6.764667 7.116450 7.752143 
63 "P18" 28.16968 28.16968 28.16968 6.130829 6.449650 7.025780 
64 "T9" 26.76127 26.76127 26.76127 5.533823 5.821599 6.341626 
65 "R18" 25.35286 25.35286 25.35286 4.970852 5.229351 5.696474 
66 "L8" 23.94293 23.94293 23.94293 4.443610 4.674691 5.092268 
67 "AG18" 22.53452 22.53452 22.53452 3.950647 4.156093 4.527345 
68 "Z7" 21.12612 21.12612 21.12612 3.490697 3.672224 4.000253 
69 "AD17" 19.71771 19.71771 19.71771 3.063841 3.223170 3.511087 
70 "U3" 18.30930 18.30930 18.30930 2.669630 2.808459 3.059331 
71 "AF1" 16.90089 16.90089 16.90089 2.305348 2.425233 2.641872 
72 "F13" 15.49248 15.49248 15.49248 1.973158 2.075768 2.261191 
73 "AD15" 14.08408 14.08408 14.08408 1.669712 1.756542 1.913449 
74 "Y2" 12.67567 12.67567 12.67567 1.396459 1.469079 1.600307 
75 "Q1" 11.26726 11.26726 11.26726 1.150110 1.209919 1.317998 
76 "U11" 9.858854 9.858854 9.858854 0.932035 0.980503 1.068089 
77 "W7" 8.450446 8.450446 8.450446 0.739801 0.778273 0.847794 
78 "AH11" 7.042039 7.042039 7.042039 0.573349 0.603165 0.657044 
79 "F2" 5.633631 5.633631 5.633631 0.430492 0.452879 0.493333 
80 "L18" 4.225223 4.225223 4.225223 0.310903 0.327071 0.356287 
81 "F4" 2.816815 2.816815 2.816815 0.207534 0.218327 0.237829 
82 "AB18" 1.408408 1.408408 1.408408 0.103042 0.108400 0.118083 
83 "A11" 0.00000 0.00000 100.0000 18.05120 7.219365 95.07639 
84 "P15" 0.00000 100.0000 0.00000 35.76159 71.51358 11.92070 
85 "G8" 0.00000 33.13344 67.59747 10.69159 9.409518 40.48140 
86 "Y9" 100.0000 0.00000 0.00000 41.24120 21.26415 1.932463 
87 "N7" 94.20615 78.45121 19.72992 57.26166 60.12863 11.64426 
88 "AD14" 36.69337 0.00000 0.00000 4.572236 2.357466 0.214244 
89 "C7" 0.00000 100.0000 82.94499 47.58413 76.24186 74.19049 
90 "U13" 0.00000 72.32776 92.61921 32.39951 40.52563 85.63138 
91 "V10" 87.16564 0.00000 65.69772 37.23299 18.38501 38.41347 
92 "H1" 27.84466 0.00000 32.60395 4.165670 1.966596 8.374910 
93 "I5" 80.44251 0.00000 100.0000 43.26387 20.21913 96.25779 
94 "AC4" 0.00000 40.49439 0.00000 4.876739 9.752167 1.625603 
95 "C4" 54.28855 83.57977 83.09911 46.25368 57.83890 70.96696 
96 "AA6" 99.64904 54.16495 59.15465 55.59291 41.53418 34.30932 
97 "J11" 71.21843 0.00000 32.78248 20.78353 10.53280 9.245608 
98 "B4" 46.79484 37.31289 11.32982 11.97931 12.24453 2.887821 
99 "V8" 100.0000 59.20806 32.66041 53.87732 44.01739 13.90262 
100 "M5" 64.64027 25.00801 0.00000 17.30334 11.62404 1.332429 
101 "A1" 0.00000 22.16373 11.90204 1.678259 2.973997 1.737718 
102 "AC12" 72.46967 90.28916 58.57176 53.77703 69.19192 39.11564 
103 "G1" 41.91958 21.91196 30.92699 8.865486 6.498281 8.159871 
104 "X13" 73.26162 60.70192 86.52476 45.13999 39.11439 73.34641 
105 "G10" 99.83673 57.25338 83.06249 63.22710 46.48296 67.82013 
106 "S1" 74.56474 93.82925 0.00000 52.21600 72.84893 11.31182 
107 "A16" 0.00000 24.72419 83.12963 13.66223 8.311828 63.17709 
108 "Z14" 76.53315 74.48081 59.14092 46.51661 50.64485 36.53119 
109 "AB11" 100.0000 16.82155 33.01137 43.70876 23.62721 10.68513 
110 "X17" 16.21424 0.00000 1.213092 0.945066 0.485335 0.132108 
111 "AG2" 60.41962 37.31289 32.60395 19.01303 15.71556 10.24733 
112 "J3" 17.08553 19.91608 33.01137 3.802463 3.518253 8.905136 
113 "I15" 0.00000 97.25795 97.18318 50.48700 73.89832 100.2878 
114 "J17" 0.00000 43.65606 45.76486 8.913601 12.71560 18.72786 
115 "C8" 78.68009 60.92012 67.88586 43.32297 38.94575 44.83801 
116 "Q9" 72.50019 25.24910 23.12963 22.62213 14.32609 5.709518 
117 "C17" 75.08965 0.00000 3.453117 21.65494 11.15980 1.266735 
118 "C13" 50.43107 59.19585 0.00000 20.05160 26.75146 4.107720 
119 "AE18" 36.28443 77.86984 23.12657 25.58025 43.26318 11.13863 
120 "T11" 83.00298 83.05638 97.18166 67.46196 67.69302 98.19376 
121 "N15" 0.00000 48.94331 73.24178 16.25451 18.19416 49.55127 
122 "D6" 18.44358 62.14694 45.54665 16.64372 26.48386 20.80725 
123 "O17" 100.0000 77.94308 70.29068 69.77106 65.25942 51.70917 
124 "N9" 53.99405 6.938277 64.02838 17.27633 8.453550 35.50991 
125 "G9" 43.31579 53.08614 32.65888 16.77549 21.40324 11.49070 
126 "AH10" 36.07233 24.87526 59.06004 11.76820 8.099048 30.06128 
127 "J18" 53.49050 5.561913 39.99084 12.77574 6.546743 13.15869 
128 "F9" 61.10933 75.01793 83.10216 44.24681 49.18861 69.40915 
129 "V12" 98.52598 44.28168 99.21111 63.49611 39.43914 97.21187 
130 "Y15" 71.40002 52.53681 35.21935 29.66711 27.73003 13.42375 
131 "V13" 54.45487 50.49516 11.18334 18.65947 21.20109 4.241056 
132 "AA16" 85.65957 0.00000 32.61616 30.61164 15.60212 9.620522 
133 "A15" 22.16220 16.84291 5.769436 2.606191 2.613387 0.809302 
134 "Z8" 100.0000 22.66728 59.06004 48.29841 26.49098 31.68804 
135 "AB17" 42.86870 1.535058 17.17098 6.838594 3.536632 2.685388 
136 "X2" 0.00000 72.91829 80.28534 28.53478 39.48400 63.72126 
137 "P2" 81.71206 58.24979 56.33783 41.79934 36.81590 31.16108 
138 "R5" 90.83085 91.34356 49.10506 65.99037 76.81086 30.83052 
139 "AH3" 33.91165 18.28031 14.95232 5.234795 4.144616 2.368882 
140 "E1" 65.13313 40.50813 0.00000 20.62469 17.87652 2.364409 
141 "J16" 100.0000 42.83665 32.60243 48.30196 32.87711 12.01652 
142 "Z5" 80.32349 13.26925 79.32708 36.39180 18.36872 57.69841 
143 "M10" 84.78218 100.0000 88.58625 77.85309 91.62992 85.48122 
144 "AH17" 42.38346 43.87884 61.44198 18.03570 17.18050 34.12985 
145 "M15" 50.09232 64.93935 100.0000 40.47744 38.91229 100.0129 
146 "C16" 19.88861 33.53628 41.11543 7.182649 8.291262 14.54831 
147 "K18" 53.14260 32.86336 53.99405 17.79475 13.32930 25.56781 
148 "D8" 53.53170 5.627527 0.143435 10.39984 5.602045 0.544213 
149 "AG8" 37.77829 40.07172 85.22774 22.19740 17.06987 68.01609 
150 "S6" 60.11292 54.07034 45.69314 25.44591 26.21515 20.40668 
151 "X16" 30.59892 40.20600 0.212100 7.950370 11.22777 1.764209 
152 "G7" 84.73182 100.0000 100.0000 82.15176 93.34464 108.3250 
153 "AF7" 34.38163 48.74189 41.94858 13.89060 17.60693 16.57158 
154 "U17" 44.04364 61.64340 62.34531 25.06864 30.14481 37.29927 
155 "B15" 74.90501 38.87999 53.27077 30.39695 21.80237 25.84679 
156 "AG16" 27.35943 31.71893 20.19074 6.051306 7.404105 4.300277 
157 "K13" 57.61654 72.32929 92.61921 44.41942 46.72441 86.19484 
158 "U8" 47.80652 0.00000 84.51972 20.34753 9.064597 65.34142 
159 "AC17" 60.82246 52.64820 64.01007 28.72888 26.75047 38.41703 
160 "H6" 43.55993 33.40505 32.60700 11.39573 10.53690 9.649821 
161 "AA14" 63.89258 38.23453 84.39155 31.70277 21.33780 66.89058 
162 "S7" 48.47639 32.07141 97.19997 28.18028 17.02625 90.51872 
163 "R1" 0.00000 0.00000 46.00443 3.229575 1.291630 17.01030 
164 "AA3" 57.16640 39.77874 49.29580 20.25813 16.98193 21.85511 
165 "O3" 100.0000 25.06294 25.35134 44.01362 25.29807 7.513930 
166 "Q2" 63.70794 1.347372 37.59365 17.13520 8.646488 11.80338 
167 "Z3" 67.24498 69.93210 38.46647 35.09430 41.56537 17.75597 
168 "B18" 13.75143 25.23842 23.12963 3.337729 4.380666 4.805453 
169 "AE6" 89.18746 59.65515 5.728237 43.14637 38.93056 5.680030 
170 "R15" 91.16197 74.19089 45.69009 54.85106 54.98214 24.40773 
171 "W8" 32.51392 69.92905 38.46647 21.75324 34.68366 17.13026 
172 "AA11" 52.12329 86.53239 68.09644 43.03352 59.55090 49.10347 
173 "Q4" 0.00000 100.0000 56.18219 40.73979 73.50455 38.14107 
174 "R10" 78.03922 33.99710 40.85756 29.44579 19.91383 15.44324 
175 "C11" 48.40009 67.66766 29.30953 24.34912 34.46086 11.98137 
176 "R16" 10.09079 3.129625 20.41657 1.127332 0.638272 3.320371 
177 "AF8" 96.58198 38.89220 0.00000 42.58612 28.60454 3.278539 
178 "D16" 62.66575 75.40856 67.88434 40.92585 48.29972 46.76717 
179 "E16" 42.06760 38.69993 32.59785 12.09514 12.63319 10.01342 
180 "B11" 100.0000 79.63836 97.63943 79.71322 70.84635 99.10770 
181 "F7" 18.45579 9.781033 16.74983 1.952174 1.470608 2.439351 
182 "Q8" 51.44732 88.60304 100.0000 54.62136 66.41398 104.5766 
183 "M14" 96.30579 84.76081 90.14420 76.71767 74.40459 85.10842 
184 "Y5" 28.37568 8.566415 66.21958 10.13211 4.819045 37.87266 
185 "M2" 6.506447 40.93080 23.11131 5.999894 10.40563 5.822130 
186 "F14" 53.18532 15.97467 18.31083 11.38317 6.974088 3.404716 
187 "V17" 70.44785 78.72892 19.72992 40.15409 51.55318 10.88997 
188 "AE17" 36.77882 59.80774 73.51644 24.92677 28.59708 51.49707 
189 "T8" 76.97871 38.98070 73.24941 36.29057 24.35556 49.69517 
190 "AC18" 46.45304 91.36034 49.10506 40.38047 63.62519 29.63415 
191 "P8" 27.38231 28.77546 51.94934 9.118256 7.789212 23.02786 
192 "X12" 78.59159 86.52628 70.89036 58.01051 67.18450 53.51826 
193 "T4" 28.78462 82.21714 73.26925 34.69285 50.93028 54.93906 
194 "E10" 61.32601 100.0000 34.82261 51.34135 79.33898 22.01953 
195 "O7" 0.00000 16.22950 49.46365 4.580716 3.121688 20.14947 
196 "R3" 55.59167 72.25605 51.20623 32.37740 41.74200 27.68034 
197 "S16" 47.80194 35.07591 23.41955 12.42927 11.67171 5.835866 
198 "A9" 66.28214 3.137255 21.96536 17.16776 8.898343 4.556897 
199 "H3" 70.37461 65.30251 0.00000 32.42800 37.09995 5.453427 
200 "Z16" 27.76074 60.61952 67.88586 21.78923 27.65396 43.79256 
201 "K11" 37.07790 13.30434 32.61311 6.810571 4.175923 8.666789 
202 "E5" 100.0000 0.00000 99.75280 59.19140 28.44312 96.47692 
203 "J5" 18.75792 9.361410 37.59213 3.640026 2.114308 11.25212 
204 "AE9" 79.21416 83.88342 89.84817 62.53940 66.26088 83.72910 
205 "AC16" 94.55253 92.37049 0.00000 66.17910 78.44651 11.65689 
206 "H14" 24.88441 0.00000 0.00000 2.078961 1.071921 0.0974151 
207 "I17" 0.00000 82.70848 53.84298 27.80968 48.35328 31.65529 
208 "Y1" 86.59648 32.30488 51.02770 36.84835 23.05267 23.67678 
209 "AD12" 47.94842 46.06546 29.54147 15.76221 17.50140 9.266531 
210 "AB14" 0.00000 1.908904 11.38628 0.274960 0.194344 1.188009 
211 "U1" 0.00000 39.63073 32.78859 6.244596 9.951621 9.902155 
212 "Y12" 62.72068 43.66827 45.76486 23.40237 20.19108 19.40773 
213 "AC5" 88.43214 50.50431 11.18334 39.24706 31.82047 5.206574 
214 "AA7" 10.11215 24.99275 0.117494 2.240895 3.854251 0.634644 
215 "AA1" 48.40620 25.03548 8.271916 10.19197 7.947242 1.711480 
216 "T13" 74.73716 92.41016 100.0000 69.32636 78.02473 106.0433 
217 "T1" 36.87190 65.31624 0.00000 18.35715 29.85498 4.796037 
218 "B10" 20.57374 68.13916 100.0000 34.58087 38.13694 100.1738 
219 "D11" 59.07073 100.0000 93.03731 63.77863 84.18695 93.22157 
220 "X6" 32.44221 68.47028 65.38186 25.74636 35.10790 41.85684 
221 "AC13" 82.80308 48.87617 38.75944 36.43967 29.34468 15.51267 
222 "AD2" 85.56039 32.66499 63.01976 38.49125 23.73019 36.14158 
223 "O11" 66.23331 24.49683 88.69917 31.84175 17.42188 73.78990 
224 "AD8" 24.26337 24.99733 0.00000 3.797776 4.657994 0.699104 
225 "AD7" 9.701686 0.00000 3.453117 0.443028 0.222843 0.272795 
226 "AC14" 58.92576 22.67491 59.06004 19.68443 11.73908 30.34757 
227 "AF4" 75.05608 37.02754 0.221256 25.62897 19.21063 2.374747 
228 "F18" 47.92859 24.59602 26.99474 10.88877 8.106154 6.595700 
229 "AD16" 83.66369 41.19173 23.11131 33.38410 24.62556 7.124690 
230 "S3" 64.18555 0.00000 100.0000 33.29416 15.07871 95.79064 
231 "D4" 96.24323 100.0000 93.03731 88.88806 97.13348 94.39813 
232 "C9" 69.77035 100.0000 73.48135 63.11347 84.57408 60.24027 
233 "U15" 33.33181 85.92203 85.91592 41.90254 57.76025 76.03715 
234 "S13" 0.00000 14.29465 61.93179 6.810066 3.754837 32.68861 
235 "F8" 90.93462 35.99451 38.03159 39.20715 25.61880 14.18734 
236 "N11" 88.20325 28.43366 11.67773 33.60884 20.79053 3.456699 
237 "R4" 41.56252 72.32319 92.61921 38.33967 43.58510 85.90909 
238 "AF10" 34.15274 20.45930 100.0000 23.22559 11.72104 95.67281 
239 "AH15" 65.91897 46.85893 64.06195 29.46829 24.30330 37.96768 
240 "H16" 40.72938 45.75570 53.42794 16.47863 17.36622 25.87367 
241 "AF14" 73.98642 0.00000 84.51972 33.23846 15.71122 65.94546 
242 "V16" 78.26352 67.66003 63.08080 44.98089 44.49574 39.88042 
243 "AE11" 0.00000 29.40414 47.61730 5.992413 6.420158 19.15376 
244 "H10" 74.00320 57.44717 21.59457 31.96038 31.76713 8.071872 
245 "T10" 71.74334 22.65507 59.06004 26.57153 15.28639 30.66956 
246 "P12" 36.95735 31.54498 40.45472 9.998501 9.176787 14.12242 
247 "AH5" 64.86763 56.98787 100.0000 43.82931 35.61113 99.19912 
248 "H13" 0.00000 74.14359 73.24025 27.15714 39.99751 53.18238 
249 "AH6" 84.06806 48.65492 47.51812 38.51984 30.17152 21.94372 
250 "D1" 30.54551 21.93027 25.26741 5.481134 4.810895 5.556100 
251 "G12" 63.68963 0.00000 11.52972 15.21030 7.816262 1.896816 
252 "N16" 37.10231 59.06310 31.04143 17.10052 24.98522 11.35030 
253 "C18" 30.52720 25.22927 21.24514 5.651563 5.585590 4.293158 
254 "C15" 66.64988 17.55550 6.092927 17.58903 10.43836 1.561159 
255 "W5" 99.44915 30.56077 84.68910 55.83571 31.39211 68.07364 
256 "Y11" 0.00000 80.30060 38.46647 23.98580 44.43101 18.89453 
257 "L13" 66.50797 13.98642 66.21805 24.26007 12.60340 38.62945 
258 "Y17" 66.82231 40.03510 25.03090 22.34497 18.47987 7.216943 
259 "G13" 95.40551 63.46838 100.0000 68.00607 52.11170 101.1108 
260 "AB8" 29.69253 40.06256 40.68818 10.21115 12.05205 14.82352 
261 "L14" 66.44236 59.09972 36.31495 29.43316 31.30431 14.75965 
262 "AB13" 9.112688 13.32570 0.00000 0.930135 1.327597 0.207276 
263 "AG3" 42.56504 31.44579 81.68460 20.55575 13.55574 61.41538 
264 "Q15" 89.90463 73.37148 57.75387 55.47580 54.39710 35.30270 
265 "C10" 67.28923 33.80636 33.80331 21.95553 16.08884 10.79774 
266 "AB15" 52.37659 9.893950 28.62898 11.31737 6.219482 6.911035 
267 "A7" 46.00900 0.00000 100.0000 25.43109 11.02447 95.42219 
268 "U18" 81.84634 9.402609 21.27413 27.21090 14.43641 4.875487 
269 "Q11" 73.83383 92.33387 42.04013 53.31162 71.46470 24.95664 
270 "E11" 92.73976 86.97185 61.73648 66.94164 72.48872 42.56632 
271 "AB3" 0.00000 38.37034 96.72389 21.08826 15.39867 89.59391 
272 "E2" 0.00000 51.09483 64.54871 14.77782 18.74400 38.25649 
273 "B1" 40.94759 16.34699 49.46365 10.34908 6.111603 20.42285 
274 "Y6" 38.69841 42.85954 37.57382 12.71417 14.47516 13.14862 
275 "L6" 26.48356 40.31281 23.11284 7.970121 11.18731 5.870154 
276 "L3" 100.0000 69.92752 82.89921 69.03299 57.95034 69.45234 
277 "R8" 79.51324 70.69657 81.15206 52.19764 49.91842 65.89477 
278 "Q14" 69.82223 100.0000 100.0000 72.18394 88.20519 107.8579 
279 "B9" 79.58648 88.22766 84.32593 63.80722 71.43457 74.75784 
280 "AB5" 8.590829 26.98558 70.31815 10.61452 7.669408 43.74638 
281 "I11" 67.01762 79.63073 40.83467 40.64885 52.38617 21.10621 
282 "AF6" 85.64431 21.04982 16.90547 30.77480 17.75266 4.101850 
283 "J7" 61.90280 0.00000 0.00000 14.07143 7.255294 0.659353 
284 "L5" 31.96460 48.26276 77.75235 20.75346 20.04324 56.37786 
285 "C14" 59.35149 62.17441 72.44373 33.87734 34.74368 50.68599 
286 "J1" 34.38926 30.02823 15.67864 7.002616 7.460868 3.077422 
287 "AF2" 69.12947 31.72808 20.19074 21.51225 15.37809 5.025177 
288 "B8" 69.65133 100.0000 55.80835 58.93950 82.89671 38.61854 
289 "S4" 68.85786 54.11002 47.98047 30.43301 28.76780 22.48108 
290 "Z9" 54.85466 59.61242 49.79171 25.85499 29.55624 24.41706 
291 "X14" 75.79309 24.95003 0.00000 23.87520 15.00005 1.637963 
292 "H5" 15.43450 0.00000 79.09361 11.47519 4.687740 56.00067 
293 "AH1" 13.40047 19.05852 24.25879 2.612641 2.852331 4.951569 
294 "L16" 36.45686 40.33112 17.44411 9.809497 12.17984 4.265597 
295 "I13" 57.11147 0.00000 76.99702 21.79312 10.07958 53.24067 
296 "M11" 11.30541 88.31617 98.84031 45.06222 61.24576 101.6043 
297 "AE7" 63.53399 73.23720 73.23873 41.56627 46.69388 53.71587 
298 "AA18" 76.51179 24.56703 49.29122 28.03774 16.63242 21.37446 
299 "M8" 69.84207 63.83154 27.09850 32.51776 36.01957 10.88844 
300 "D5" 53.15938 42.78325 72.56275 24.32221 19.65911 48.44444 
301 "K14" 85.38186 59.31182 32.66041 41.51105 37.70451 13.33537 
302 "AB1" 53.98795 25.43679 18.40085 12.82124 9.345388 3.810621 
303 "AB7" 91.61669 11.77081 44.86305 37.33342 19.58502 17.85769 
304 "U5" 100.0000 31.25658 46.83757 47.44468 28.30020 20.55890 
305 "N5" 0.00000 64.84779 18.01938 14.01355 27.23579 7.099988 
306 "X5" 76.91920 43.35851 65.21553 35.35192 25.79515 39.34834 
307 "AD6" 76.66743 76.04334 32.87861 43.50335 50.84986 15.88075 
308 "V6" 69.70016 68.13001 100.0000 51.43679 46.82183 100.9624 
309 "S10" 41.57168 34.30076 38.03159 11.54823 10.81943 12.78807 
310 "F1" 11.82879 90.69200 29.61929 30.47972 58.08889 16.36117 
311 "F11" 0.00000 35.65881 42.04623 6.400789 8.535585 15.28448 
312 "V18" 15.51690 22.76493 15.67559 2.756554 3.626407 2.560071 
313 "W9" 29.66659 33.33791 44.84169 9.259645 9.243320 17.32425 
314 "M6" 30.43717 13.34401 0.00000 3.683363 2.749216 0.336680 
315 "G18" 44.02533 19.92370 66.88029 15.19961 8.736428 39.19730 
316 "AG13" 100.0000 66.93370 52.55818 60.04904 51.98789 29.44075 
317 "AD4" 100.0000 76.88716 35.17662 62.82957 61.50270 18.17203 
318 "AE1" 37.20607 12.06378 14.48386 5.523453 3.527720 2.134848 
319 "A2" 36.29511 0.00000 22.18662 5.197237 2.595501 4.044403 
320 "K16" 62.61997 22.88548 33.01289 17.57282 11.14695 9.653613 
321 "AD13" 90.50889 10.46464 59.06157 38.82945 19.94953 30.92469 
322 "Z13" 41.53964 62.13016 88.38025 31.87857 33.11528 76.23242 
323 "W4" 51.72198 38.02548 32.60243 15.33736 14.06669 10.12162 
324 "U12" 38.92729 37.97971 0.00000 9.435515 11.18860 1.662768 
325 "J12" 94.46403 100.0000 75.04540 81.44282 93.97456 63.36562 
326 "P17" 53.89181 80.54170 0.00000 32.31025 49.19660 7.794643 
327 "E6" 53.30434 55.27581 29.01656 20.89580 24.75772 10.15747 
328 "V9" 22.75425 36.29816 59.05089 11.17483 10.87231 30.61834 
329 "T14" 43.55840 13.32723 0.00000 7.136710 4.527942 0.498141 
330 "B6" 0.00000 93.64462 85.40780 43.43568 66.65665 76.78413 
331 "R2" 87.81720 77.82101 100.0000 69.06823 63.64602 103.2814 
332 "Z10" 73.92233 31.51598 81.95163 35.26583 21.14985 62.54886 
333 "I1" 83.12810 79.95880 13.23568 48.99974 57.24233 9.963650 
334 "AH7" 51.03380 92.41779 97.18471 56.04432 71.31642 99.49854 
335 "I6" 52.80995 49.70016 73.21736 26.43246 23.80840 50.06334 
336 "M16" 76.51179 66.26688 49.31258 40.46765 41.48311 25.53565 
337 "E18" 27.31212 29.98550 25.35134 6.060913 6.899295 5.961267 
338 "AG12" 45.49783 0.00000 43.09606 10.01385 4.838299 15.13177 
339 "Y13" 72.90608 97.94003 30.97429 55.74736 79.20094 19.74799 
340 "N4" 50.63249 16.38819 23.12657 10.67975 6.632851 4.852489 
341 "Y7" 91.63195 16.87037 5.769436 34.77112 19.20156 2.317208 
342 "P5" 100.0000 54.05814 48.56794 53.93727 40.84754 24.06803 
343 "N13" 0.00000 64.86458 38.46952 15.73804 27.93721 16.14681 
344 "G2" 76.91920 0.00000 66.14481 29.93377 14.60920 38.62636 
345 "I10" 76.43244 38.00107 32.87404 28.34066 20.75921 10.86884 
346 "H12" 87.28161 67.90875 90.64012 59.71910 51.34821 82.48531 
347 "S8" 51.30388 33.15175 38.03159 14.70264 12.09915 12.86871 
348 "Q7" 70.80186 55.77173 31.03990 30.07258 29.74649 11.58600 
349 "I9" 0.00000 29.65438 42.04013 5.223095 6.181664 14.88837 
350 "X8" 15.43450 29.41634 15.67864 3.750366 5.625310 2.894454 
351 "L7" 29.66506 0.00000 47.76074 6.452493 2.922101 18.57306 
352 "AB2" 0.00000 12.80537 33.63394 2.204784 1.736498 8.976761 
353 "AC9" 64.41291 71.57092 28.39551 33.37851 42.05476 12.56237 
354 "AA2" 43.89105 100.0000 72.87709 51.28038 78.49190 58.82752 
355 "Z4" 69.59792 78.35508 91.53887 53.62073 56.52736 85.51777 
356 "K1" 27.20226 50.40360 0.00000 10.26904 16.85378 2.712416 
357 "O5" 74.82261 45.40932 20.57527 28.28802 23.74672 6.398747 
358 "D15" 77.94003 28.86244 17.24269 26.36315 17.13527 4.299980 
359 "P10" 10.61418 8.116274 0.00000 0.716186 0.759010 0.108790 
360 "AH9" 78.98680 22.91600 30.92699 27.14174 16.11025 9.052651 
361 "Q6" 0.00000 49.71237 97.18318 24.47535 21.88239 91.61591 
362 "O16" 0.00000 65.57565 56.33783 18.86737 29.71732 30.99896 
363 "S12" 69.46822 60.97810 62.34531 36.22651 35.47397 37.74067 
364 "P7" 100.0000 70.41123 38.46647 59.68163 54.60598 18.97829 
365 "N17" 76.29969 59.81537 73.51644 42.72969 37.78161 52.33229 
366 "W3" 37.93698 86.80705 0.00000 30.85445 54.42475 8.880506 
367 "E7" 35.73816 32.66957 63.01976 13.85131 11.02712 34.98728 
368 "J15" 32.64057 46.84520 62.38346 16.50501 17.65732 35.38455 
369 "T17" 52.65888 80.29755 44.52888 34.66287 49.84039 23.58507 
370 "V15" 70.28916 0.00000 48.61830 22.28247 11.06828 20.02917 
371 "X3" 83.21202 60.29297 49.79171 42.55040 38.58522 25.28042 
372 "A8" 30.18997 53.50576 36.86427 13.94711 20.11677 13.74224 
373 "D18" 56.84596 43.45006 0.00000 17.33243 17.34063 2.434367 
374 "X1" 51.52819 32.74434 5.757229 12.63791 11.15425 1.928254 
375 "AE4" 29.22560 61.00252 17.23201 15.13321 25.28485 6.461661 
376 "L9" 72.39338 37.74166 17.23659 24.57181 18.85792 4.725118 
377 "G4" 48.89906 96.05249 94.36637 56.87101 75.92601 94.61713 
378 "AF5" 27.43420 46.56291 53.69192 13.59801 16.23401 26.05846 
379 "D10" 72.60395 41.96078 47.77447 28.80196 22.24882 21.13824 
380 "I18" 0.256352 22.10269 25.74350 2.412988 3.256366 5.602767 
381 "O13" 61.22683 100.0000 0.00000 49.49768 78.59596 12.56434 
382 "W17" 33.30282 22.17746 0.00000 5.180289 4.809853 0.655602 
383 "C1" 79.17754 62.24765 0.00000 36.68411 37.24703 5.257652 
384 "AF3" 44.25574 67.26329 55.36889 26.27512 34.74997 30.60429 
385 "V3" 80.04273 54.65324 98.99596 51.85998 38.48038 97.18322 
386 "AB9" 42.03098 100.0000 46.72770 45.18592 75.98656 29.79388 
387 "U16" 74.14206 15.50927 15.23919 22.11045 12.46201 3.149062 
388 "U2" 37.66690 9.437705 37.59213 7.262130 3.987541 11.42291 
389 "Q13" 100.0000 66.72160 62.52995 61.94077 52.58272 39.90341 
390 "B13" 70.17014 72.01495 92.61921 50.80910 49.77101 86.44719 
391 "Q3" 28.43671 8.184939 15.80529 3.364999 2.084393 2.260198 
392 "AC7" 38.33829 38.38865 97.33120 26.34352 18.08711 91.09186 
393 "P3" 39.76806 87.96216 55.79919 37.05586 58.22192 34.99969 
394 "P11" 64.37476 64.86915 18.01175 29.36552 35.16564 7.819972 
395 "H9" 68.64881 63.39208 79.14397 41.19061 39.09166 61.15607 
396 "AE14" 41.60525 100.0000 31.41070 43.16848 75.16469 19.84594 
397 "N18" 73.47982 50.42954 0.00000 28.38309 26.20676 3.563762 
398 "Z15" 75.32464 43.45464 0.00000 27.42236 22.54524 2.907582 
399 "W18" 37.49142 25.30709 47.34569 10.08122 7.566324 18.93848 
400 "T18" 17.51736 7.573053 0.00000 1.306038 1.027175 0.129487 
401 "A13" 42.70390 19.53307 81.00252 18.63540 9.992933 59.71128 
402 "K2" 88.40467 46.87114 57.75692 43.13511 31.51190 31.53723 
403 "R17" 97.89578 35.60998 33.91623 44.71889 28.38834 12.03345 
404 "A3" 52.41779 9.805447 9.858854 10.30308 5.807850 1.506343 
405 "W14" 36.45686 47.70733 86.47135 24.41400 21.35252 70.91315 
406 "E3" 83.14794 0.00000 1.252766 27.17700 14.01058 1.364112 
407 "B14" 57.03670 67.78973 40.61952 29.15205 36.88483 18.57340 
408 "AA5" 100.0000 91.59228 81.45724 81.89139 84.39448 71.48481 
409 "AG1" 2.247654 38.23606 84.39155 16.68526 13.59472 66.18689 
410 "AH13" 21.32296 65.21096 67.88434 22.78426 31.19033 44.41948 
411 "Y4" 56.78035 24.82795 42.33921 16.14015 10.67261 15.39167 
412 "I2" 37.77371 42.82750 45.76486 13.54329 14.76354 18.87918 
413 "J6" 33.71786 39.15465 23.11131 9.166318 11.37691 5.843108 
414 "AF12" 99.26757 0.00000 87.02525 53.73223 26.18075 71.29037 
415 "AA12" 88.86244 60.56611 81.67391 54.60159 44.09235 65.50008 
416 "V4" 96.60487 65.74044 70.30900 60.22989 50.79397 49.44434 
417 "D14" 47.94079 73.47219 78.50156 36.35424 44.02184 61.35061 
418 "AE3" 15.34600 13.91165 20.96284 2.110264 1.925529 3.684719 
419 "P1" 0.00000 59.36217 100.0000 29.17830 29.47058 98.78548 
420 "O18" 19.89166 55.20562 29.63302 12.13280 20.19353 10.01917 
421 "V14" 23.48363 60.59968 73.51644 22.52061 27.84953 51.47948 
422 "W16" 23.03807 18.36728 37.08095 4.844519 3.760402 11.19489 
423 "N14" 89.33547 65.09651 46.83604 48.92581 45.07536 23.71818 
424 "H4" 59.52392 65.74197 70.21286 34.98785 37.78240 48.13383 
425 "W6" 30.42802 7.568475 0.00000 3.346854 2.079079 0.225047 
426 "AG14" 41.17189 69.68185 80.28382 32.67074 39.11167 63.42697 
427 "J9" 89.12947 97.87442 38.04227 67.98335 85.34739 24.20787 
428 "AG7" 0.00000 31.71893 8.870069 3.084776 5.927394 1.772519 
429 "H15" 7.164111 69.40719 0.00000 15.97512 31.56837 5.252233 
430 "AE2" 22.78325 30.53330 0.00000 4.464929 6.330711 0.986850 
431 "AH14" 85.62753 74.00931 32.38880 48.70452 51.85445 15.54750 
432 "G3" 92.54902 74.84092 75.04692 62.63650 58.80463 57.56969 
433 "AE16" 87.32433 31.90967 100.0000 51.35472 28.79871 97.48777 
434 "Q12" 61.97299 84.79133 100.0000 56.77096 63.71160 103.9417 
435 "X9" 68.49317 45.57259 76.84291 33.83192 25.59706 55.36903 
436 "X10" 68.12543 72.25910 51.20623 38.65821 44.98269 27.97508 
437 "E9" 37.85916 50.80644 53.23110 17.23087 20.13212 26.18089 
438 "AF16" 35.97162 10.22049 87.63104 18.13956 8.355362 70.81369 
439 "F5" 36.83680 49.69100 100.0000 30.21342 24.69967 97.81003 
440 "D9" 0.00000 76.74067 59.18059 25.24975 41.56748 35.94176 
441 "AA4" 34.94011 77.80117 36.18982 26.35877 43.47175 17.19655 
442 "U10" 0.00000 24.36713 49.29122 5.476710 4.958490 20.30920 
443 "AA17" 73.15023 75.17662 68.16815 46.78886 51.12150 47.37172 
444 "S5" 26.04562 31.39544 81.95163 16.65488 11.52045 61.67047 
445 "AC8" 60.89113 32.46662 42.04013 19.31257 14.21697 15.69742 
446 "AG15" 100.0000 86.59342 0.00000 67.04904 72.87290 10.53520 
447 "W10" 19.21569 38.06363 0.00000 5.547452 9.213302 1.486260 
448 "T3" 94.14969 69.48806 0.00000 51.72558 50.06165 6.939029 
449 "G17" 83.03655 76.31495 78.49851 56.95076 56.98839 62.76372 
450 "Q16" 13.78805 83.04875 100.0000 42.23803 54.55012 102.9387 
451 "R7" 43.11589 96.62165 84.03143 51.67177 74.32025 75.44723 
452 "K8" 70.55009 97.02144 80.90028 63.36307 80.92656 70.87966 
453 "D3" 0.00000 41.96841 70.61112 13.50474 13.81597 45.17873 
454 "I14" 71.06279 45.03853 44.32136 28.20079 23.26893 18.63844 
455 "D17" 82.11795 52.42237 81.52132 46.26047 35.12349 63.95717 
456 "J4" 15.94110 18.27115 0.00000 1.901107 2.465055 0.375699 
457 "L1" 69.45754 21.98215 39.86572 21.95697 13.14820 13.86689 
458 "P13" 56.61555 22.81834 97.44564 30.10920 15.81530 90.69615 
459 "AC6" 31.55413 58.24216 51.49615 18.13753 24.71354 25.40554 
460 "I16" 77.67910 61.72885 62.34531 41.69454 38.77189 38.08888 
461 "C5" 80.17243 69.57961 38.46647 43.04006 45.39653 18.07714 
462 "M3" 100.0000 56.75746 73.51644 60.34644 45.03869 52.80505 
463 "AG11" 63.38598 53.39284 38.54887 25.87151 26.18206 15.32431 
464 "D7" 52.34150 31.16960 63.84375 19.17206 13.32445 36.12822 
465 "I12" 10.13962 46.85893 64.06195 13.72180 16.18474 37.22992 
466 "K6" 74.41367 80.54932 51.58618 47.23754 56.42262 30.07600 
467 "Z2" 56.77424 23.70642 49.46517 17.05194 10.78866 20.97363 
468 "K4" 97.01839 59.60784 49.79171 53.55733 43.83648 25.71450 
469 "Q10" 18.84031 36.27222 32.89540 6.686938 9.007388 9.752090 
470 "G14" 44.73182 37.98123 24.85084 12.11747 12.46719 6.526172 
471 "J14" 53.19753 70.03281 5.683986 26.21714 37.30934 6.254258 
472 "N1" 29.22560 15.59777 17.22744 4.069389 3.160469 2.772775 
473 "AH18" 72.38727 61.00710 16.03265 32.12441 34.05487 6.970137 
474 "A18" 76.31495 39.47051 97.33120 43.99845 27.57918 91.99494 
475 "AC3" 53.75143 42.62608 61.90280 21.92325 18.66001 34.73694 
476 "X15" 55.74426 62.05539 79.94202 34.33154 34.65084 61.93034 
477 "L2" 49.01503 75.16899 68.16815 34.85996 44.96392 46.81141 
478 "M1" 33.01595 37.75845 64.24811 14.56844 12.98497 36.79108 
479 "U6" 80.69276 75.18120 66.75517 51.45394 53.57078 45.78308 
480 "B12" 75.12169 92.94728 72.63142 60.69749 75.23482 57.35344 
481 "C2" 50.06790 63.02739 71.83337 30.11626 33.38081 49.76525 
482 "AF15" 54.80278 46.53239 47.28466 20.75498 20.03603 20.73249 
483 "K9" 67.13970 23.98413 29.37972 19.78437 12.54374 8.023278 
484 "O15" 30.75608 29.48959 100.0000 23.75835 13.91675 96.06859 
485 "B16" 0.00000 13.23568 0.00000 0.564886 1.129619 0.188298 
486 "AC1" 13.28603 5.954070 3.451591 0.877166 0.703795 0.342660 
487 "AC15" 51.03380 63.36919 59.07073 27.63242 32.67383 33.98139 
488 "K10" 0.00000 51.30694 40.62409 10.57252 17.17757 15.75099 
489 "S18" 50.63859 25.24758 23.12963 11.71717 8.703231 5.198497 
490 "U9" 57.74166 42.55436 22.63676 18.25003 17.36203 6.357025 
491 "I3" 29.97635 10.09079 99.75891 21.33143 9.461731 94.81736 
492 "M4" 76.34699 99.49950 92.98085 73.08351 88.38581 93.43307 
493 "Z1" 21.79599 29.97940 11.67773 4.454434 6.151513 2.166652 
494 "A5" 81.00099 87.80804 11.81048 52.47656 66.55571 11.31941 
495 "S11" 56.71626 87.46014 38.19944 40.18323 59.63989 20.80866 
496 "X18" 0.00000 6.569009 20.19226 0.805206 0.636662 3.270749 
497 "C12" 34.87907 31.03532 46.83757 10.27643 9.074818 18.80546 
498 "H11" 33.63241 72.45289 59.51934 26.76433 38.81965 35.70172 
499 "O9" 79.16838 0.00000 43.09453 27.13376 13.66541 15.93377 
500 "K3" 37.50973 77.97055 87.40520 38.47607 48.55256 77.09353 
501 "C3" 100.0000 93.06172 37.54025 73.71461 82.84424 23.11305 
502 "V2" 61.81277 66.42252 62.52995 34.58370 38.26553 38.58089 
503 "D13" 44.26184 6.123445 1.252766 6.990245 3.869014 0.469745 
504 "AF17" 43.11437 41.20394 46.54765 14.79397 14.75277 19.43137 
505 "S2" 52.69245 54.48692 59.18212 24.69397 25.77751 32.92419 
506 "A14" 4.475471 21.98062 39.86572 3.941553 3.859162 13.02269 
507 "T15" 11.57549 70.96056 97.32815 34.00901 40.08075 94.92991 
508 "G15" 88.29480 50.46311 94.02152 54.60114 37.92655 86.71496 
509 "F15" 50.61875 52.00122 94.01999 33.09182 27.61575 85.85548 
510 "R9" 35.98993 99.41863 94.36637 55.50565 79.16454 95.31336 
511 "Z11" 24.54719 47.81567 45.25216 12.09301 16.19125 18.83088 
512 "AG10" 61.83413 46.47898 100.0000 38.62903 27.53620 97.91432 
513 "R11" 0.00000 12.80079 22.53147 1.283920 1.367606 4.128390 
514 "O1" 43.50347 100.0000 0.00000 42.30875 74.88932 12.22748 
515 "B2" 33.61410 22.17746 12.78096 5.521917 4.954898 2.074986 
516 "W1" 60.75837 56.45228 0.00000 23.47150 26.89385 3.955081 
517 "H8" 65.88540 47.37163 17.23507 23.41748 22.13335 5.417698 
518 "G6" 37.63790 96.74372 76.89479 47.96408 72.80370 63.81497 
519 "AH16" 42.02792 49.91531 5.711452 13.79442 18.42195 3.265513 
520 "E8" 92.56123 0.00000 20.77058 35.24551 18.09850 5.001948 
521 "AB4" 56.64759 55.97467 42.74968 24.12551 26.63959 18.34637 
522 "AG9" 72.46204 69.13863 65.38186 42.49045 44.23528 42.73663 
523 "M17" 77.41054 61.55642 97.57076 52.25275 42.85419 95.00995 
524 "Y18" 18.33829 17.54788 43.58282 4.967540 3.607119 15.51734 
525 "L15" 64.36255 34.99504 62.26749 25.16789 17.58622 34.77973 
526 "W12" 39.76806 80.01221 55.78698 31.91636 47.94841 33.27384 
527 "F17" 49.83139 64.40528 18.01938 22.57336 31.34801 7.442812 
528 "M9" 68.47486 64.52888 88.38025 44.60903 41.27227 77.13473 
529 "H7" 22.20645 97.94156 30.97429 37.18630 69.63277 18.87865 
530 "S9" 0.00000 50.97429 0.00000 7.981140 15.96014 2.660418 
531 "AE10" 89.58114 54.39384 36.21576 43.27008 35.72470 14.82545 
532 "Y16" 20.62715 59.84131 81.54574 24.15165 27.94534 63.77620 
533 "R13" 90.29984 44.36255 76.60487 48.52807 32.66230 55.59510 
534 "J8" 68.72358 65.14076 70.21439 39.53310 39.71024 48.26692 
535 "N2" 55.98688 77.81338 27.36400 32.67766 46.83704 13.07858 
536 "T12" 76.14710 22.82902 37.66232 25.93082 15.38724 12.68330 
537 "F10" 89.25307 41.93637 62.50401 43.41135 29.44902 36.38420 
538 "U7" 3.533989 88.15747 73.70108 36.05607 57.42358 56.74075 
539 "J13" 68.84260 91.14824 94.02914 62.47768 73.40667 93.16292 
540 "AD3" 67.61578 80.62715 55.95178 44.01646 54.73988 34.11424 
541 "AC10" 36.60945 96.43397 100.0000 55.53007 75.41402 106.2660 
542 "P4" 52.01343 74.69596 88.25360 41.73049 47.42527 78.24331 
543 "S15" 0.00000 0.00000 60.25788 5.804675 2.321511 30.57345 
544 "O12" 55.38567 46.67582 42.54215 20.35747 19.97567 17.10952 
545 "K12" 61.48470 22.90837 16.75593 15.82870 10.38828 3.431387 
546 "I7" 48.62745 41.72732 4.698253 13.57428 14.70255 2.470179 
547 "W11" 77.72641 57.09468 78.42679 43.98422 36.63573 59.40611 
548 "O8" 53.56374 62.13779 45.54665 25.71546 31.15540 21.23119 
549 "AF18" 100.0000 50.04807 0.00000 48.91148 36.60264 4.489259 
550 "Z17" 100.0000 49.63455 29.11421 50.01972 36.82843 10.99698 
551 "Q18" 40.50965 98.75334 56.18219 45.36231 74.39556 38.06962 
552 "AH12" 70.26169 30.08469 54.12070 25.85228 16.70869 25.91767 
553 "K17" 50.77897 82.72374 53.84298 36.94617 53.07774 32.08604 
554 "E15" 100.0000 28.36042 0.00000 43.57937 25.93987 2.711866 
555 "S17" 27.62341 21.30922 64.92256 10.73483 6.725171 36.60319 
556 "H18" 19.87182 32.83436 25.02937 5.419019 7.361567 5.961805 
557 "AD11" 100.0000 33.44015 75.47570 54.07775 31.62939 53.40963 
558 "L11" 85.97543 37.01381 83.61639 45.36238 27.98842 66.12805 
559 "AG6" 60.58442 35.59930 52.45899 21.43045 16.07811 24.45126 
560 "X4" 89.74594 79.54070 0.00000 53.58323 59.26439 8.617590 
561 "AA13" 38.40085 64.86000 43.19677 21.37885 30.77244 19.61222 
562 "AA8" 31.51904 19.68566 30.92546 5.895127 4.582221 7.945902 
563 "E12" 90.52262 87.10613 94.37552 74.88362 75.59626 93.62076 
564 "V5" 43.46380 55.83581 23.97955 17.11135 23.16564 8.007326 
565 "AG5" 78.41459 86.99016 42.33310 52.58841 65.50237 24.05136 
566 "AA9" 59.22942 31.88983 8.870069 15.88609 12.57570 2.381562 
567 "T6" 88.38178 32.48188 45.53292 37.40845 23.49452 19.12581 
568 "A12" 45.32540 52.12024 50.09842 19.40211 21.98452 23.56394 
569 "G16" 34.73716 85.75418 66.76280 36.60645 55.50333 46.94679 
570 "B5" 24.03601 6.562905 20.19226 2.747867 1.637975 3.361714 
571 "Z18" 40.37995 15.52911 22.53147 7.085441 4.672724 4.460902 
572 "AE12" 61.39467 67.99268 0.00000 28.83649 37.15624 5.653456 
573 "L4" 55.56115 88.33448 78.20249 48.45381 63.84832 64.07367 
574 "AE13" 65.71756 55.82818 62.07675 31.98405 30.21118 36.63718 
575 "R12" 30.43565 0.00000 0.00000 3.110339 1.603705 0.145743 
576 "M13" 47.98657 88.65949 83.09911 47.16947 63.34491 71.98272 
577 "M12" 91.70520 58.77165 59.29198 50.37080 41.47993 34.72241 
578 "Z12" 85.60769 36.35615 8.726635 33.04009 22.79026 3.430862 
579 "AD1" 20.91096 20.93385 13.25246 3.061835 3.461265 2.005042 
580 "U4" 40.86671 0.00000 32.59937 7.300105 3.582768 8.519815 
581 "AD18" 61.13375 17.16030 43.06096 17.38550 9.963322 15.70799 
582 "Q17" 92.09888 80.03662 73.83078 64.93568 64.50865 56.77299 
583 "E17" 0.00000 98.64347 65.22469 41.58041 72.09022 47.96721 
584 "AE8" 80.52491 33.38827 32.60700 30.09820 20.17519 10.52525 
585 "E13" 40.01984 77.71115 1.863127 25.74352 43.29765 7.138023 
586 "H17" 99.65057 100.0000 33.99100 78.38315 93.29198 22.82938 
587 "F3" 26.35996 12.06226 30.99107 4.225710 2.733592 7.709330 
588 "AC2" 87.66308 65.65957 26.99474 45.56752 43.99837 11.69759 
589 "L17" 20.37995 26.05936 59.06310 8.944081 6.899791 29.98190 
590 "V1" 71.56176 13.39742 21.06203 20.64186 11.42254 4.573028 
591 "Y14" 19.01274 88.22614 84.32593 40.43261 59.38060 73.66219 
592 "AA10" 77.40597 88.31922 98.84031 67.69026 72.91624 102.6652 
593 "X7" 74.13443 33.35775 44.84169 27.30836 18.55529 18.17112 
594 "X11" 40.64393 81.46181 100.0000 46.20911 55.11626 102.8389 
595 "B7" 60.50050 34.98283 37.21523 19.03085 14.90166 12.67999 
596 "S14" 46.77348 47.27092 38.49241 16.63968 18.38916 14.27122 
0 "Z6" 100.0000 100.0000 100.0000 95.05399 99.99709 108.9296 
0 "P9" 100.0000 100.0000 100.0000 95.05399 99.99709 108.9296 
0 "D2" 100.0000 100.0000 100.0000 95.05399 99.99709 108.9296 
0 "Y3" 100.0000 100.0000 100.0000 95.05399 99.99709 108.9296 
0 "B17" 100.0000 100.0000 100.0000 95.05399 99.99709 108.9296 
0 "AB12" 100.0000 100.0000 100.0000 95.05399 99.99709 108.9296 
0 "AD9" 100.0000 100.0000 100.0000 95.05399 99.99709 108.9296 
0 "AH4" 100.0000 100.0000 100.0000 95.05399 99.99709 108.9296 
0 "W15" 100.0000 100.0000 100.0000 95.05399 99.99709 108.9296 
0 "AH2" 100.0000 100.0000 100.0000 95.05399 99.99709 108.9296 
0 "J2" 100.0000 100.0000 100.0000 95.05399 99.99709 108.9296 
0 "F12" 100.0000 100.0000 100.0000 95.05399 99.99709 108.9296 
0 "I8" 100.0000 100.0000 100.0000 95.05399 99.99709 108.9296 
0 "F6" 100.0000 100.0000 100.0000 95.05399 99.99709 108.9296 
0 "AG17" 100.0000 100.0000 100.0000 95.05399 99.99709 108.9296 
0 "B3" 100.0000 100.0000 100.0000 95.05399 99.99709 108.9296 
END_DATA
